0,9.39567,1.3212,2.304414,-0.4661162,-0.04361983,0.8798035,-0.08233347
0.05,9.39567,1.3212,2.304414,-0.4661162,-0.04361983,0.8798035,-0.08233347
0.1,9.39567,1.3212,2.304414,-0.4661162,-0.04361983,0.8798035,-0.08233347
0.15,9.39567,1.3212,2.304414,-0.4661162,-0.04361983,0.8798035,-0.08233347
0.2,9.39567,1.3212,2.304414,-0.4661162,-0.04361983,0.8798035,-0.08233347
0.25,9.39567,1.3212,2.304414,-0.4661162,-0.04361983,0.8798035,-0.08233347
0.3,9.39567,1.3212,2.304414,-0.4661162,-0.04361983,0.8798035,-0.08233347
0.35,9.39567,1.3212,2.304414,-0.4661162,-0.04361983,0.8798035,-0.08233347
0.4,9.39567,1.3212,2.304414,-0.4661162,-0.04361983,0.8798035,-0.08233347
0.45,9.39567,1.3212,2.304414,-0.4661162,-0.04361983,0.8798035,-0.08233347
0.5000001,9.39567,1.3212,2.304414,-0.4661162,-0.04361983,0.8798035,-0.08233347
0.5500001,9.39567,1.3212,2.304414,-0.4661162,-0.04361983,0.8798035,-0.08233347
0.6000001,9.39567,1.3212,2.304414,-0.4661162,-0.04361983,0.8798035,-0.08233347
0.6500001,9.39567,1.3212,2.304414,-0.4661162,-0.04361983,0.8798035,-0.08233347
0.7000001,9.39567,1.3212,2.304414,-0.4661162,-0.04361983,0.8798035,-0.08233347
0.7500001,9.39567,1.3212,2.304414,-0.4661162,-0.04361983,0.8798035,-0.08233347
0.8000001,9.39567,1.3212,2.304414,-0.4661162,-0.04361983,0.8798035,-0.08233347
0.8500001,9.39567,1.3212,2.304414,-0.4661162,-0.04361983,0.8798035,-0.08233347
0.9000002,9.39567,1.3212,2.304414,-0.4661162,-0.04361983,0.8798035,-0.08233347
0.9500002,9.39567,1.3212,2.304414,-0.4661162,-0.04361983,0.8798035,-0.08233347
1,9.39567,1.3212,2.304414,-0.4661162,-0.04361983,0.8798035,-0.08233347
1.05,9.39567,1.3212,2.304414,-0.4661162,-0.04361983,0.8798035,-0.08233347
1.1,9.39567,1.3212,2.304414,-0.4661162,-0.04361983,0.8798035,-0.08233347
1.15,9.39567,1.3212,2.304414,-0.4661162,-0.04361983,0.8798035,-0.08233347
1.2,9.39567,1.3212,2.304414,-0.4661162,-0.04361983,0.8798035,-0.08233347
1.25,9.39567,1.3212,2.304414,-0.4661162,-0.04361983,0.8798035,-0.08233347
1.3,9.39567,1.3212,2.304414,-0.4661162,-0.04361983,0.8798035,-0.08233347
1.35,9.39567,1.3212,2.304414,-0.4661162,-0.04361983,0.8798035,-0.08233347
1.4,9.39567,1.3212,2.304414,-0.4661162,-0.04361983,0.8798035,-0.08233347
1.45,9.39567,1.3212,2.304414,-0.4661162,-0.04361983,0.8798035,-0.08233347
1.5,9.39567,1.3212,2.304414,-0.4661162,-0.04361983,0.8798035,-0.08233347
1.55,9.39567,1.3212,2.304414,-0.4661162,-0.04361983,0.8798035,-0.08233347
1.6,9.39567,1.3212,2.304414,-0.4661162,-0.04361983,0.8798035,-0.08233347
1.649999,9.39567,1.3212,2.304414,-0.4661162,-0.04361983,0.8798035,-0.08233347
1.699999,9.39567,1.3212,2.304414,-0.4661162,-0.04361983,0.8798035,-0.08233347
1.749999,9.39567,1.3212,2.304414,-0.4661162,-0.04361983,0.8798035,-0.08233347
1.799999,9.39567,1.3212,2.304414,-0.4661162,-0.04361983,0.8798035,-0.08233347
1.849999,9.39567,1.3212,2.304414,-0.4661162,-0.04361983,0.8798035,-0.08233347
1.899999,9.39567,1.3212,2.304414,-0.4661162,-0.04361983,0.8798035,-0.08233347
1.949999,9.39567,1.3212,2.304414,-0.4661162,-0.04361983,0.8798035,-0.08233347
1.999999,9.39567,1.3212,2.304414,-0.4661162,-0.04361983,0.8798035,-0.08233347
2.049999,9.39567,1.3212,2.304414,-0.4661162,-0.04361983,0.8798035,-0.08233347
2.099999,9.39567,1.3212,2.304414,-0.4661162,-0.04361983,0.8798035,-0.08233347
2.149999,9.39567,1.3212,2.304414,-0.4661162,-0.04361983,0.8798035,-0.08233347
2.199999,9.39567,1.3212,2.304414,-0.4661162,-0.04361983,0.8798035,-0.08233347
2.249999,9.39567,1.3212,2.304414,-0.4661162,-0.04361983,0.8798035,-0.08233347
2.299999,9.39567,1.3212,2.304414,-0.4661162,-0.04361983,0.8798035,-0.08233347
2.349999,9.39567,1.3212,2.304414,-0.4661162,-0.04361983,0.8798035,-0.08233347
2.399999,9.39567,1.3212,2.304414,-0.4661162,-0.04361983,0.8798035,-0.08233347
2.449999,9.39567,1.3212,2.304414,-0.4661162,-0.04361983,0.8798035,-0.08233347
2.499999,9.39567,1.3212,2.304414,-0.4661162,-0.04361983,0.8798035,-0.08233347
2.549999,9.39567,1.3212,2.304414,-0.4661162,-0.04361983,0.8798035,-0.08233347
2.599999,9.39567,1.3212,2.304414,-0.4661162,-0.04361983,0.8798035,-0.08233347
2.649999,9.39567,1.3212,2.304414,-0.4661162,-0.04361983,0.8798035,-0.08233347
2.699999,9.39567,1.3212,2.304414,-0.4661162,-0.04361983,0.8798035,-0.08233347
2.749999,9.39567,1.3212,2.304414,-0.4661162,-0.04361983,0.8798035,-0.08233347
2.799999,9.39567,1.3212,2.304414,-0.4661162,-0.04361983,0.8798035,-0.08233347
2.849998,9.39567,1.3212,2.304414,-0.4661162,-0.04361983,0.8798035,-0.08233347
2.899998,9.39567,1.3212,2.304414,-0.4661162,-0.04361983,0.8798035,-0.08233347
2.949998,9.39567,1.3212,2.304414,-0.4661162,-0.04361983,0.8798035,-0.08233347
2.999998,9.39567,1.3212,2.304414,-0.4661162,-0.04361983,0.8798035,-0.08233347
3.049998,9.39567,1.3212,2.304414,-0.4661162,-0.04361983,0.8798035,-0.08233347
3.099998,9.39567,1.3212,2.304414,-0.4661162,-0.04361983,0.8798035,-0.08233347
3.149998,9.39567,1.3212,2.304414,-0.4661162,-0.04361983,0.8798035,-0.08233347
3.199998,9.39567,1.3212,2.304414,-0.4661162,-0.04361983,0.8798035,-0.08233347
3.249998,9.39567,1.3212,2.304414,-0.4661162,-0.04361983,0.8798035,-0.08233347
3.299998,9.39567,1.3212,2.304414,-0.4661162,-0.04361983,0.8798035,-0.08233347
3.349998,9.39567,1.3212,2.304414,-0.4661162,-0.04361983,0.8798035,-0.08233347
3.399998,9.39567,1.3212,2.304414,-0.4661162,-0.04361983,0.8798035,-0.08233347
3.449998,9.39567,1.3212,2.304414,-0.4661162,-0.04361983,0.8798035,-0.08233347
3.499998,9.39567,1.3212,2.304414,-0.4661162,-0.04361983,0.8798035,-0.08233347
3.549998,9.39567,1.3212,2.304414,-0.4661162,-0.04361983,0.8798035,-0.08233347
3.599998,9.39567,1.3212,2.304414,-0.4661162,-0.04361983,0.8798035,-0.08233347
3.649998,9.39567,1.3212,2.304414,-0.4661162,-0.04361983,0.8798035,-0.08233347
3.699998,9.39567,1.3212,2.304414,-0.4661162,-0.04361983,0.8798035,-0.08233347
3.749998,9.39567,1.3212,2.304414,-0.4661162,-0.04361983,0.8798035,-0.08233347
3.799998,9.39567,1.3212,2.304414,-0.4661162,-0.04361983,0.8798035,-0.08233347
3.849998,9.39567,1.3212,2.304414,-0.4661162,-0.04361983,0.8798035,-0.08233347
3.899997,9.39567,1.3212,2.304414,-0.4661162,-0.04361983,0.8798035,-0.08233347
3.949997,9.39567,1.3212,2.304414,-0.4661162,-0.04361983,0.8798035,-0.08233347
3.999997,9.39567,1.3212,2.304414,-0.4661162,-0.04361983,0.8798035,-0.08233347
4.049997,9.39567,1.3212,2.304414,-0.4661162,-0.04361983,0.8798035,-0.08233347
4.099998,9.39567,1.3212,2.304414,-0.4661162,-0.04361983,0.8798035,-0.08233347
4.149998,9.39567,1.3212,2.304414,-0.4661162,-0.04361983,0.8798035,-0.08233347
4.199998,9.39567,1.3212,2.304414,-0.4661162,-0.04361983,0.8798035,-0.08233347
4.249998,9.39567,1.3212,2.304414,-0.4661162,-0.04361983,0.8798035,-0.08233347
4.299998,9.39567,1.3212,2.304414,-0.4661162,-0.04361983,0.8798035,-0.08233347
4.349998,9.39567,1.3212,2.304414,-0.4661162,-0.04361983,0.8798035,-0.08233347
4.399999,9.39567,1.3212,2.304414,-0.4661162,-0.04361983,0.8798035,-0.08233347
4.449999,9.39567,1.3212,2.304414,-0.4661162,-0.04361983,0.8798035,-0.08233347
4.499999,9.39567,1.3212,2.304414,-0.4661162,-0.04361983,0.8798035,-0.08233347
4.549999,9.39567,1.3212,2.304414,-0.4661162,-0.04361983,0.8798035,-0.08233347
4.599999,9.39567,1.3212,2.304414,-0.4661162,-0.04361983,0.8798035,-0.08233347
4.65,9.39567,1.3212,2.304414,-0.4661162,-0.04361983,0.8798035,-0.08233347
4.7,9.39567,1.3212,2.304414,-0.4661162,-0.04361983,0.8798035,-0.08233347
4.75,9.39567,1.3212,2.304414,-0.4661162,-0.04361983,0.8798035,-0.08233347
4.8,9.39567,1.3212,2.304414,-0.4661162,-0.04361983,0.8798035,-0.08233347
4.85,9.39567,1.3212,2.304414,-0.4661162,-0.04361983,0.8798035,-0.08233347
4.900001,9.39567,1.3212,2.304414,-0.4661162,-0.04361983,0.8798035,-0.08233347
4.950001,9.39567,1.3212,2.304414,-0.4661162,-0.04361983,0.8798035,-0.08233347
5.000001,9.39567,1.3212,2.304414,-0.4661162,-0.04361983,0.8798035,-0.08233347
5.050001,9.39567,1.3212,2.304414,-0.4661162,-0.04361983,0.8798035,-0.08233347
5.100001,9.39567,1.3212,2.304414,-0.4661162,-0.04361983,0.8798035,-0.08233347
5.150002,9.39567,1.3212,2.304414,-0.4661162,-0.04361983,0.8798035,-0.08233347
5.200002,9.39567,1.3212,2.304414,-0.4661162,-0.04361983,0.8798035,-0.08233347
5.250002,9.39567,1.3212,2.304414,-0.4661162,-0.04361983,0.8798035,-0.08233347
5.300002,9.39567,1.3212,2.304414,-0.4661162,-0.04361983,0.8798035,-0.08233347
5.350002,9.39567,1.3212,2.304414,-0.4661162,-0.04361983,0.8798035,-0.08233347
5.400002,9.39567,1.3212,2.304414,-0.4661162,-0.04361983,0.8798035,-0.08233347
5.450003,9.39567,1.3212,2.304414,-0.4661162,-0.04361983,0.8798035,-0.08233347
5.500003,9.39567,1.3212,2.304414,-0.4661162,-0.04361983,0.8798035,-0.08233347
5.550003,9.39567,1.3212,2.304414,-0.4661162,-0.04361983,0.8798035,-0.08233347
5.600003,9.39567,1.3212,2.304414,-0.4661162,-0.04361983,0.8798035,-0.08233347
5.650003,9.39567,1.3212,2.304414,-0.4661162,-0.04361983,0.8798035,-0.08233347
5.700004,9.39567,1.3212,2.304414,-0.4661162,-0.04361983,0.8798035,-0.08233347
5.750004,9.39567,1.3212,2.304414,-0.4661162,-0.04361983,0.8798035,-0.08233347
5.800004,9.39567,1.3212,2.304414,-0.4661162,-0.04361983,0.8798035,-0.08233347
5.850004,9.39567,1.3212,2.304414,-0.4661162,-0.04361983,0.8798035,-0.08233347
5.900004,9.39567,1.3212,2.304414,-0.4661162,-0.04361983,0.8798035,-0.08233347
5.950005,9.39567,1.3212,2.304414,-0.4661162,-0.04361983,0.8798035,-0.08233347
6.000005,9.39567,1.3212,2.304414,-0.4661162,-0.04361983,0.8798035,-0.08233347
6.050005,9.39567,1.3212,2.304414,-0.4661162,-0.04361983,0.8798035,-0.08233347
6.100005,9.39567,1.3212,2.304414,-0.4661162,-0.04361983,0.8798035,-0.08233347
6.150005,9.39567,1.3212,2.304414,-0.4661162,-0.04361983,0.8798035,-0.08233347
6.200006,9.39567,1.3212,2.304414,-0.4661162,-0.04361983,0.8798035,-0.08233347
6.250006,9.379199,1.323012,2.3128,-0.4660551,-0.04361412,0.8798359,-0.08233649
6.300006,9.362074,1.324741,2.321263,-0.4658732,-0.04359709,0.8799322,-0.08234552
6.350006,9.344307,1.326391,2.329799,-0.4655722,-0.04356893,0.8800915,-0.08236041
6.400006,9.325907,1.327962,2.338408,-0.4651542,-0.04352982,0.8803124,-0.08238109
6.450006,9.306888,1.329455,2.347088,-0.4646209,-0.04347991,0.8805941,-0.08240744
6.500007,9.287259,1.330872,2.355838,-0.4639741,-0.04341938,0.8809351,-0.08243936
6.550007,9.267032,1.332214,2.364657,-0.4632156,-0.04334839,0.8813341,-0.0824767
6.600007,9.246217,1.333482,2.373543,-0.462347,-0.04326711,0.8817901,-0.08251937
6.650007,9.224828,1.334677,2.382494,-0.46137,-0.04317568,0.8823016,-0.08256724
6.700007,9.202873,1.335802,2.39151,-0.4602863,-0.04307427,0.8828675,-0.0826202
6.750008,9.180366,1.336856,2.400589,-0.4590976,-0.04296303,0.8834862,-0.08267809
6.800008,9.157315,1.337841,2.40973,-0.4578055,-0.04284211,0.8841565,-0.08274083
6.850008,9.133735,1.338759,2.41893,-0.4564114,-0.04271165,0.8848768,-0.08280823
6.900008,9.109634,1.339611,2.42819,-0.4549172,-0.04257181,0.885646,-0.08288021
6.950008,9.085026,1.340397,2.437506,-0.4533242,-0.04242274,0.8864625,-0.08295663
7.000009,9.059919,1.341121,2.446879,-0.4516341,-0.04226458,0.8873247,-0.08303731
7.050009,9.034328,1.341781,2.456307,-0.4498484,-0.04209747,0.8882313,-0.08312216
7.100009,9.008259,1.342381,2.465787,-0.4479687,-0.04192156,0.8891808,-0.08321101
7.150009,8.981729,1.342921,2.47532,-0.4459964,-0.04173699,0.8901717,-0.08330373
7.200009,8.954745,1.343403,2.484902,-0.4439332,-0.04154392,0.8912024,-0.08340019
7.25001,8.92732,1.343827,2.494534,-0.4417805,-0.04134246,0.8922715,-0.08350024
7.30001,8.899465,1.344195,2.504213,-0.43954,-0.0411328,0.8933774,-0.08360373
7.35001,8.871191,1.344508,2.513939,-0.4372131,-0.04091504,0.8945184,-0.08371051
7.40001,8.842509,1.344769,2.52371,-0.4348014,-0.04068935,0.8956932,-0.08382044
7.45001,8.813431,1.344977,2.533523,-0.4323065,-0.04045586,0.8969,-0.08393338
7.50001,8.783967,1.345133,2.54338,-0.4297298,-0.04021474,0.8981374,-0.08404917
7.550011,8.754129,1.345241,2.553276,-0.4270731,-0.03996612,0.8994037,-0.08416768
7.600011,8.723928,1.3453,2.563212,-0.4243379,-0.03971016,0.9006974,-0.08428875
7.650011,8.693376,1.345312,2.573186,-0.4215259,-0.039447,0.9020169,-0.08441222
7.700011,8.662483,1.345278,2.583196,-0.4186385,-0.0391768,0.9033606,-0.08453797
7.750011,8.63126,1.3452,2.593241,-0.4156775,-0.0388997,0.9047269,-0.08466583
7.800012,8.59972,1.345078,2.60332,-0.4126446,-0.03861587,0.9061142,-0.08479565
7.850012,8.567872,1.344915,2.613431,-0.4095415,-0.03832548,0.9075209,-0.08492731
7.900012,8.535728,1.344711,2.623573,-0.4063698,-0.03802867,0.9089457,-0.08506063
7.950012,8.503301,1.344467,2.633745,-0.4031312,-0.0377256,0.9103866,-0.08519547
8.000012,8.470599,1.344185,2.643945,-0.3998277,-0.03741644,0.9118423,-0.0853317
8.050013,8.437635,1.343867,2.654171,-0.3964608,-0.03710137,0.9133112,-0.08546916
8.100013,8.404422,1.343513,2.664423,-0.3930325,-0.03678054,0.9147918,-0.08560771
8.150013,8.370967,1.343124,2.674698,-0.3895446,-0.03645414,0.9162825,-0.08574722
8.200013,8.337284,1.342703,2.684996,-0.3859989,-0.03612233,0.9177818,-0.08588753
8.250013,8.303384,1.342249,2.695316,-0.3823974,-0.03578529,0.9192882,-0.08602849
8.300014,8.269277,1.341765,2.705655,-0.3787419,-0.03544321,0.9208002,-0.08617
8.350014,8.234976,1.341252,2.716012,-0.3750345,-0.03509626,0.9223165,-0.08631188
8.400014,8.20049,1.340711,2.726386,-0.371277,-0.03474463,0.9238355,-0.08645403
8.450014,8.165832,1.340144,2.736776,-0.3674716,-0.0343885,0.9253557,-0.0865963
8.500014,8.131013,1.339551,2.74718,-0.3636201,-0.03402809,0.9268758,-0.08673856
8.550014,8.096043,1.338934,2.757597,-0.3597249,-0.03366356,0.9283946,-0.08688068
8.600015,8.060934,1.338294,2.768025,-0.3557878,-0.03329512,0.9299105,-0.08702255
8.650015,8.025698,1.337632,2.778463,-0.3518111,-0.03292298,0.9314223,-0.08716402
8.700015,7.990345,1.33695,2.78891,-0.3477969,-0.03254732,0.9329286,-0.08730499
8.750015,7.954886,1.336249,2.799364,-0.3437474,-0.03216836,0.9344283,-0.08744533
8.800015,7.919333,1.335531,2.809824,-0.3396647,-0.0317863,0.9359201,-0.08758494
8.850016,7.883698,1.334796,2.820288,-0.3355512,-0.03140135,0.9374028,-0.08772369
8.900016,7.84799,1.334045,2.830755,-0.3314091,-0.03101372,0.9388751,-0.08786148
8.950016,7.812222,1.333281,2.841223,-0.3272406,-0.03062363,0.9403361,-0.0879982
9.000016,7.776404,1.332504,2.851693,-0.3230481,-0.03023129,0.9417846,-0.08813374
9.050016,7.740548,1.331716,2.86216,-0.3188341,-0.02983693,0.9432197,-0.08826804
9.100017,7.704665,1.330918,2.872626,-0.3146006,-0.02944076,0.9446401,-0.08840097
9.150017,7.668766,1.330111,2.883087,-0.3103502,-0.029043,0.9460451,-0.08853245
9.200017,7.632862,1.329296,2.893543,-0.3060853,-0.02864388,0.9474336,-0.08866239
9.250017,7.596965,1.328475,2.903992,-0.3018083,-0.02824363,0.9488047,-0.08879069
9.300017,7.561086,1.327649,2.914433,-0.2975215,-0.02784246,0.9501576,-0.08891731
9.350018,7.525235,1.326819,2.924864,-0.2932274,-0.02744062,0.9514915,-0.08904213
9.400018,7.489424,1.325987,2.935285,-0.2889286,-0.02703833,0.9528058,-0.08916511
9.450018,7.453666,1.325154,2.945693,-0.2846275,-0.02663582,0.9540995,-0.08928619
9.500018,7.417969,1.32432,2.956088,-0.2803265,-0.02623333,0.9553719,-0.08940527
9.550018,7.382346,1.323489,2.966467,-0.2760282,-0.02583109,0.9566227,-0.08952231
9.600019,7.346808,1.322659,2.97683,-0.2717351,-0.02542933,0.957851,-0.08963726
9.650019,7.311366,1.321834,2.987175,-0.2674496,-0.02502829,0.9590564,-0.08975006
9.700019,7.276031,1.321014,2.997501,-0.2631743,-0.0246282,0.9602384,-0.08986068
9.750019,7.240815,1.3202,3.007806,-0.2589118,-0.0242293,0.9613965,-0.08996905
9.800019,7.205729,1.319394,3.018089,-0.2546644,-0.02383183,0.9625303,-0.09007515
9.850019,7.170784,1.318597,3.028348,-0.2504348,-0.02343602,0.9636394,-0.09017894
9.90002,7.13599,1.317811,3.038583,-0.2462256,-0.0230421,0.9647235,-0.0902804
9.95002,7.10136,1.317036,3.048791,-0.242039,-0.02265032,0.9657824,-0.09037949
10.00002,7.066904,1.316274,3.058972,-0.2378779,-0.02226092,0.9668157,-0.09047619
10.05002,7.032634,1.315526,3.069123,-0.2337445,-0.02187411,0.9678234,-0.09057049
10.10002,6.998561,1.314793,3.079245,-0.2296415,-0.02149014,0.9688051,-0.09066236
10.15002,6.964696,1.314077,3.089334,-0.2255713,-0.02110925,0.9697608,-0.0907518
10.20002,6.93105,1.313379,3.09939,-0.2215365,-0.02073166,0.9706905,-0.0908388
10.25002,6.897635,1.3127,3.109411,-0.2175395,-0.02035761,0.9715942,-0.09092336
10.30002,6.864461,1.312042,3.119397,-0.2135827,-0.01998733,0.9724716,-0.09100547
10.35002,6.831541,1.311405,3.129345,-0.2096687,-0.01962105,0.9733229,-0.09108514
10.40002,6.798884,1.310791,3.139254,-0.2057999,-0.019259,0.9741483,-0.09116238
10.45002,6.766503,1.310202,3.149123,-0.2019787,-0.01890141,0.9749478,-0.09123719
10.50002,6.734408,1.309638,3.15895,-0.1982076,-0.01854851,0.9757214,-0.0913096
10.55002,6.70261,1.309102,3.168734,-0.1944889,-0.01820051,0.9764694,-0.0913796
10.60002,6.671122,1.308593,3.178474,-0.1908252,-0.01785765,0.977192,-0.09144722
10.65002,6.639954,1.308114,3.188169,-0.1872186,-0.01752014,0.9778894,-0.09151248
10.70002,6.609117,1.307665,3.197815,-0.1836717,-0.01718821,0.9785618,-0.09157541
10.75002,6.578622,1.307248,3.207414,-0.1801867,-0.01686209,0.9792095,-0.09163602
10.80002,6.548481,1.306865,3.216963,-0.1767661,-0.01654197,0.9798328,-0.09169434
10.85002,6.518704,1.306516,3.22646,-0.173412,-0.01622809,0.9804319,-0.09175041
10.90002,6.489304,1.306203,3.235904,-0.1701269,-0.01592067,0.9810073,-0.09180425
10.95002,6.460291,1.305927,3.245294,-0.1669129,-0.0156199,0.9815593,-0.09185591
11.00002,6.431676,1.30569,3.254629,-0.1637724,-0.01532601,0.9820881,-0.0919054
11.05002,6.403472,1.305491,3.263906,-0.1607077,-0.0150392,0.9825943,-0.09195276
11.10002,6.375688,1.305334,3.273126,-0.1577209,-0.0147597,0.9830782,-0.09199805
11.15002,6.348335,1.305219,3.282285,-0.1548143,-0.01448769,0.9835401,-0.09204128
11.20002,6.321426,1.305148,3.291384,-0.1519901,-0.01422339,0.9839805,-0.09208249
11.25002,6.294972,1.305121,3.30042,-0.1492505,-0.01396702,0.9843997,-0.09212172
11.30002,6.268983,1.30514,3.309392,-0.1465976,-0.01371876,0.9847983,-0.09215902
11.35003,6.243471,1.305206,3.318299,-0.1440338,-0.01347883,0.9851765,-0.09219441
11.40003,6.218447,1.305321,3.327139,-0.141561,-0.01324743,0.9855349,-0.09222795
11.45003,6.193922,1.305485,3.335911,-0.1391815,-0.01302475,0.9858737,-0.09225966
11.50003,6.169907,1.305701,3.344614,-0.1368974,-0.012811,0.9861935,-0.09228958
11.55003,6.146415,1.305969,3.353245,-0.1347109,-0.01260638,0.9864945,-0.09231776
11.60003,6.123455,1.306291,3.361804,-0.132624,-0.01241109,0.9867773,-0.09234422
11.65003,6.101038,1.306668,3.37029,-0.1306389,-0.01222532,0.9870421,-0.092369
11.70003,6.079177,1.3071,3.378701,-0.1287578,-0.01204928,0.9872892,-0.09239212
11.75003,6.057883,1.307591,3.387035,-0.1269826,-0.01188315,0.9875191,-0.09241363
11.80003,6.037166,1.30814,3.395291,-0.1253155,-0.01172715,0.987732,-0.09243356
11.85003,6.017037,1.308749,3.403469,-0.1237587,-0.01158146,0.9879283,-0.09245192
11.90003,5.997509,1.309419,3.411565,-0.1223142,-0.01144628,0.9881082,-0.09246876
11.95003,5.978592,1.310152,3.419579,-0.1209841,-0.01132181,0.988272,-0.09248409
12.00003,5.960298,1.310948,3.42751,-0.1197706,-0.01120824,0.9884197,-0.09249792
12.05003,5.942636,1.31181,3.435356,-0.1186758,-0.01110578,0.9885517,-0.09251027
12.10003,5.92562,1.312738,3.443117,-0.1177017,-0.01101463,0.9886682,-0.09252117
12.15003,5.909259,1.313734,3.450789,-0.1168505,-0.01093498,0.9887691,-0.09253062
12.20003,5.893566,1.314798,3.458372,-0.1161244,-0.01086702,0.9888547,-0.09253862
12.25003,5.878551,1.315933,3.465865,-0.1155254,-0.01081097,0.9889249,-0.09254519
12.30003,5.864226,1.31714,3.473266,-0.1150557,-0.01076702,0.9889796,-0.09255031
12.35003,5.850601,1.318419,3.480574,-0.1147176,-0.01073538,0.9890189,-0.092554
12.40003,5.837688,1.319772,3.487788,-0.1145131,-0.01071624,0.9890426,-0.09255621
12.45003,5.8255,1.3212,3.494905,-0.1144445,-0.01070981,0.9890506,-0.09255695
12.50003,5.813589,1.322631,3.501954,-0.1144179,-0.01070734,0.9890537,-0.09255696
12.55003,5.801508,1.323991,3.508963,-0.1143388,-0.01069997,0.9890629,-0.09255696
12.60003,5.78926,1.325283,3.515933,-0.1142081,-0.01068779,0.9890782,-0.09255698
12.65003,5.776847,1.326506,3.522863,-0.1140265,-0.01067088,0.9890993,-0.09255698
12.70003,5.764273,1.327662,3.529752,-0.113795,-0.0106493,0.9891262,-0.092557
12.75003,5.751539,1.328752,3.536601,-0.1135143,-0.01062315,0.9891587,-0.092557
12.80003,5.73865,1.329778,3.543409,-0.1131853,-0.0105925,0.9891967,-0.092557
12.85003,5.725607,1.330741,3.550176,-0.1128089,-0.01055743,0.9892401,-0.09255698
12.90003,5.712415,1.331641,3.556901,-0.1123859,-0.01051801,0.9892886,-0.09255695
12.95003,5.699075,1.33248,3.563585,-0.1119171,-0.01047434,0.9893422,-0.09255688
13.00003,5.68559,1.333258,3.570226,-0.1114034,-0.01042647,0.9894007,-0.0925568
13.05003,5.671963,1.333979,3.576825,-0.1108456,-0.0103745,0.989464,-0.09255668
13.10003,5.658198,1.334641,3.583382,-0.1102445,-0.0103185,0.9895317,-0.0925565
13.15003,5.644296,1.335247,3.589896,-0.1096011,-0.01025854,0.9896038,-0.09255628
13.20003,5.630262,1.335797,3.596367,-0.108916,-0.01019472,0.9896801,-0.09255601
13.25003,5.616098,1.336293,3.602795,-0.1081902,-0.01012709,0.9897605,-0.09255569
13.30003,5.601806,1.336736,3.609179,-0.1074245,-0.01005575,0.9898446,-0.09255527
13.35003,5.587389,1.337127,3.615519,-0.1066198,-0.009980767,0.9899324,-0.09255478
13.40003,5.572851,1.337468,3.621815,-0.1057768,-0.009902221,0.9900237,-0.0925542
13.45003,5.558194,1.337759,3.628067,-0.1048963,-0.00982019,0.9901183,-0.09255352
13.50003,5.543421,1.338001,3.634274,-0.1039794,-0.009734752,0.9902159,-0.09255274
13.55003,5.528535,1.338196,3.640436,-0.1030267,-0.009645984,0.9903165,-0.09255184
13.60003,5.513539,1.338345,3.646554,-0.102039,-0.009553966,0.9904196,-0.09255083
13.65003,5.498435,1.338449,3.652625,-0.1010174,-0.009458773,0.9905254,-0.09254967
13.70003,5.483227,1.338509,3.658651,-0.0999625,-0.009360487,0.9906335,-0.09254839
13.75003,5.467917,1.338526,3.664631,-0.09887522,-0.009259181,0.9907436,-0.09254693
13.80003,5.452509,1.338502,3.670564,-0.09775641,-0.009154937,0.9908558,-0.09254535
13.85003,5.437005,1.338437,3.676452,-0.09660689,-0.009047832,0.9909697,-0.09254357
13.90003,5.421407,1.338333,3.682292,-0.09542751,-0.008937945,0.9910851,-0.09254163
13.95004,5.405719,1.338191,3.688086,-0.0942191,-0.008825354,0.9912019,-0.0925395
14.00004,5.389945,1.338012,3.693831,-0.09298252,-0.008710137,0.99132,-0.09253719
14.05004,5.374085,1.337798,3.69953,-0.0917186,-0.008592373,0.9914389,-0.09253467
14.10004,5.358144,1.337548,3.705181,-0.0904282,-0.00847214,0.9915587,-0.09253194
14.15004,5.342124,1.337266,3.710783,-0.08911215,-0.008349519,0.9916793,-0.092529
14.20004,5.326029,1.336951,3.716337,-0.0877713,-0.008224588,0.9918002,-0.09252585
14.25004,5.30986,1.336605,3.721843,-0.08640651,-0.008097424,0.9919213,-0.09252245
14.30004,5.293622,1.336228,3.727299,-0.08501862,-0.007968109,0.9920426,-0.09251882
14.35004,5.277316,1.335823,3.732707,-0.08360849,-0.00783672,0.9921639,-0.09251496
14.40004,5.260945,1.335391,3.738065,-0.08217696,-0.007703338,0.9922849,-0.09251083
14.45004,5.244513,1.334931,3.743373,-0.0807249,-0.007568043,0.9924055,-0.09250645
14.50004,5.228022,1.334447,3.748631,-0.07925314,-0.007430914,0.9925256,-0.09250182
14.55004,5.211476,1.333938,3.753839,-0.07776257,-0.00729203,0.992645,-0.09249692
14.60004,5.194876,1.333406,3.758997,-0.07625403,-0.007151471,0.9927635,-0.09249174
14.65004,5.178226,1.332852,3.764104,-0.07472837,-0.00700932,0.992881,-0.09248628
14.70004,5.161529,1.332277,3.769159,-0.07318647,-0.006865654,0.9929974,-0.09248056
14.75004,5.144788,1.331683,3.774164,-0.07162919,-0.006720554,0.9931125,-0.09247455
14.80004,5.128005,1.33107,3.779117,-0.07005738,-0.006574102,0.9932262,-0.09246825
14.85004,5.111183,1.33044,3.784018,-0.06847193,-0.006426377,0.9933384,-0.09246167
14.90004,5.094326,1.329794,3.788866,-0.06687367,-0.006277459,0.9934489,-0.09245479
14.95004,5.077435,1.329133,3.793663,-0.0652635,-0.006127432,0.9935576,-0.09244762
15.00004,5.060514,1.328458,3.798407,-0.06364228,-0.005976373,0.9936643,-0.09244016
15.05004,5.043567,1.32777,3.803097,-0.06201086,-0.005824366,0.9937691,-0.0924324
15.10004,5.026595,1.327071,3.807735,-0.06037013,-0.00567149,0.9938717,-0.09242435
15.15004,5.009601,1.326361,3.81232,-0.05872095,-0.005517828,0.9939722,-0.092416
15.20004,4.992589,1.325642,3.81685,-0.05706421,-0.00536346,0.9940704,-0.09240737
15.25004,4.975561,1.324915,3.821327,-0.05540077,-0.005208468,0.9941661,-0.09239843
15.30004,4.95852,1.324181,3.825749,-0.0537315,-0.005052933,0.9942594,-0.0923892
15.35004,4.941469,1.323442,3.830117,-0.05205729,-0.004896937,0.9943501,-0.0923797
15.40004,4.92441,1.322698,3.83443,-0.050379,-0.004740561,0.9944382,-0.0923699
15.45004,4.907348,1.32195,3.838688,-0.04869752,-0.004583887,0.9945236,-0.09235981
15.50004,4.890284,1.3212,3.842891,-0.04701372,-0.004426998,0.9946063,-0.09234946
15.55004,4.873221,1.320449,3.847038,-0.04532846,-0.004269972,0.9946862,-0.09233883
15.60004,4.856163,1.319697,3.851129,-0.04364265,-0.004112894,0.9947633,-0.09232793
15.65004,4.839111,1.318947,3.855164,-0.04195714,-0.003955845,0.9948375,-0.09231677
15.70004,4.822069,1.3182,3.859143,-0.04027282,-0.003798906,0.9949088,-0.09230535
15.75004,4.805041,1.317455,3.863065,-0.03859057,-0.00364216,0.9949771,-0.09229369
15.80004,4.788028,1.316715,3.86693,-0.03691125,-0.003485688,0.9950424,-0.09228178
15.85004,4.771033,1.315982,3.870739,-0.03523576,-0.003329571,0.9951048,-0.09226965
15.90004,4.75406,1.315255,3.874489,-0.03356498,-0.003173893,0.9951643,-0.09225728
15.95004,4.737112,1.314536,3.878182,-0.03189976,-0.003018735,0.9952207,-0.09224469
16.00004,4.72019,1.313826,3.881817,-0.03024102,-0.002864178,0.9952741,-0.09223191
16.05004,4.703298,1.313127,3.885394,-0.02858961,-0.002710305,0.9953246,-0.09221892
16.10004,4.68644,1.312439,3.888912,-0.0269464,-0.002557195,0.9953721,-0.09220574
16.15004,4.669616,1.311764,3.892371,-0.02531229,-0.002404934,0.9954165,-0.09219239
16.20004,4.652832,1.311103,3.895771,-0.02368813,-0.0022536,0.9954581,-0.09217887
16.25004,4.636089,1.310457,3.899112,-0.02207482,-0.002103276,0.9954967,-0.0921652
16.30004,4.61939,1.309827,3.902394,-0.02047323,-0.001954044,0.9955326,-0.0921514
16.35004,4.602738,1.309214,3.905615,-0.01888422,-0.001805985,0.9955656,-0.09213746
16.40004,4.586137,1.30862,3.908777,-0.01730867,-0.001659179,0.9955958,-0.09212341
16.45004,4.569588,1.308045,3.911878,-0.01574746,-0.00151371,0.9956232,-0.09210927
16.50003,4.553095,1.307491,3.914918,-0.01420147,-0.001369658,0.995648,-0.09209503
16.55003,4.536661,1.306959,3.917898,-0.01267155,-0.001227104,0.9956702,-0.09208074
16.60003,4.520288,1.30645,3.920816,-0.01115857,-0.001086128,0.9956897,-0.09206638
16.65003,4.50398,1.305966,3.923673,-0.00966341,-0.000946813,0.9957069,-0.09205198
16.70003,4.487739,1.305506,3.926468,-0.00818694,-0.0008092382,0.9957215,-0.09203756
16.75003,4.471567,1.305073,3.929201,-0.006730023,-0.0006734862,0.9957339,-0.09202313
16.80003,4.455469,1.304669,3.931872,-0.005293528,-0.0005396364,0.995744,-0.09200871
16.85003,4.439446,1.304292,3.934481,-0.003878324,-0.0004077703,0.9957519,-0.09199432
16.90003,4.423502,1.303946,3.937026,-0.002485262,-0.0002779674,0.9957577,-0.09197997
16.95003,4.40764,1.303631,3.939509,-0.00111521,-0.0001503089,0.9957616,-0.09196569
17.00003,4.391861,1.303348,3.941928,0.0002309589,-2.487511E-05,0.9957635,-0.09195149
17.05003,4.376171,1.303099,3.944284,0.001552396,9.825401E-05,0.9957635,-0.09193737
17.10003,4.360569,1.302885,3.946575,0.002848231,0.0002189974,0.995762,-0.09192338
17.15002,4.345062,1.302706,3.948803,0.004117624,0.0003372772,0.9957588,-0.09190952
17.20002,4.32965,1.302564,3.950966,0.005359683,0.0004530106,0.9957541,-0.09189581
17.25002,4.314337,1.30246,3.953065,0.006573586,0.0005661208,0.995748,-0.09188228
17.30002,4.299125,1.302395,3.955099,0.007758458,0.0006765243,0.9957407,-0.09186894
17.35002,4.284018,1.302371,3.957067,0.008913456,0.0007841454,0.9957321,-0.0918558
17.40002,4.269017,1.302388,3.958971,0.01003772,0.0008889038,0.9957225,-0.09184291
17.45002,4.254127,1.302448,3.960808,0.0111304,0.0009907171,0.995712,-0.09183026
17.50002,4.23935,1.302552,3.962579,0.01219062,0.001089508,0.9957006,-0.09181788
17.55002,4.224688,1.302701,3.964284,0.01321757,0.001185197,0.9956885,-0.09180578
17.60002,4.210146,1.302896,3.965923,0.01421034,0.001277703,0.9956758,-0.09179401
17.65002,4.195725,1.303138,3.967495,0.01516814,0.00136695,0.9956626,-0.09178255
17.70002,4.181428,1.303429,3.969,0.01609011,0.001452857,0.995649,-0.09177145
17.75002,4.167259,1.30377,3.970437,0.01697537,0.001535346,0.9956352,-0.09176071
17.80001,4.15322,1.304161,3.971807,0.01782309,0.001614334,0.9956212,-0.09175036
17.85001,4.139314,1.304604,3.973109,0.01863241,0.001689746,0.9956072,-0.09174042
17.90001,4.125543,1.3051,3.974343,0.0194025,0.001761504,0.9955932,-0.0917309
17.95001,4.111912,1.305651,3.975508,0.02013251,0.001829524,0.9955795,-0.09172183
18.00001,4.098422,1.306257,3.976605,0.02082156,0.001893729,0.995566,-0.09171322
18.05001,4.085076,1.306919,3.977633,0.02146885,0.001954043,0.9955528,-0.0917051
18.10001,4.071878,1.307639,3.978592,0.02207347,0.002010382,0.9955402,-0.09169746
18.15001,4.05883,1.308418,3.979481,0.02263465,0.002062671,0.9955282,-0.09169035
18.20001,4.045935,1.309257,3.980301,0.02315149,0.002110831,0.9955168,-0.09168378
18.25001,4.033196,1.310157,3.98105,0.02362313,0.002154778,0.9955061,-0.09167776
18.30001,4.020616,1.311119,3.98173,0.02404876,0.002194439,0.9954963,-0.0916723
18.35001,4.008196,1.312145,3.982338,0.02442752,0.00222973,0.9954876,-0.09166744
18.40001,3.995942,1.313236,3.982877,0.02475853,0.002260573,0.9954796,-0.09166317
18.45,3.983855,1.314392,3.983343,0.02504096,0.002286891,0.9954728,-0.09165954
18.5,3.971939,1.315615,3.983739,0.02527397,0.002308602,0.9954672,-0.09165653
18.55,3.960195,1.316906,3.984063,0.02545668,0.002325627,0.9954628,-0.09165417
18.6,3.948627,1.318267,3.984315,0.02558824,0.002337886,0.9954595,-0.09165245
18.65,3.937238,1.319698,3.984495,0.02566781,0.002345299,0.9954576,-0.09165142
18.7,3.926032,1.3212,3.984603,0.02569452,0.002347789,0.9954569,-0.09165108
18.75,3.926032,1.3212,3.984603,0.02569452,0.002347789,0.9954569,-0.09165108
18.8,3.926032,1.3212,3.984603,0.02569452,0.002347789,0.9954569,-0.09165108
18.85,3.926032,1.3212,3.984603,0.02569452,0.002347789,0.9954569,-0.09165108
18.9,3.926032,1.3212,3.984603,0.02569452,0.002347789,0.9954569,-0.09165108
18.95,3.926032,1.3212,3.984603,0.02569452,0.002347789,0.9954569,-0.09165108
19,3.926032,1.3212,3.984603,0.02569452,0.002347789,0.9954569,-0.09165108
19.05,3.926032,1.3212,3.984603,0.02569452,0.002347789,0.9954569,-0.09165108
19.09999,3.926032,1.3212,3.984603,0.02569452,0.002347789,0.9954569,-0.09165108
19.14999,3.926032,1.3212,3.984603,0.02569452,0.002347789,0.9954569,-0.09165108
19.19999,3.926032,1.3212,3.984603,0.02569452,0.002347789,0.9954569,-0.09165108
19.24999,3.926032,1.3212,3.984603,0.02569452,0.002347789,0.9954569,-0.09165108
19.29999,3.926032,1.3212,3.984603,0.02569452,0.002347789,0.9954569,-0.09165108
19.34999,3.926032,1.3212,3.984603,0.02569452,0.002347789,0.9954569,-0.09165108
19.39999,3.926032,1.3212,3.984603,0.02569452,0.002347789,0.9954569,-0.09165108
19.44999,3.926032,1.3212,3.984603,0.02569452,0.002347789,0.9954569,-0.09165108
19.49999,3.926032,1.3212,3.984603,0.02569452,0.002347789,0.9954569,-0.09165108
19.54999,3.926032,1.3212,3.984603,0.02569452,0.002347789,0.9954569,-0.09165108
19.59999,3.926032,1.3212,3.984603,0.02569452,0.002347789,0.9954569,-0.09165108
19.64999,3.926032,1.3212,3.984603,0.02569452,0.002347789,0.9954569,-0.09165108
19.69999,3.926032,1.3212,3.984603,0.02569452,0.002347789,0.9954569,-0.09165108
19.74998,3.926032,1.3212,3.984603,0.02569452,0.002347789,0.9954569,-0.09165108
19.79998,3.926032,1.3212,3.984603,0.02569452,0.002347789,0.9954569,-0.09165108
19.84998,3.926032,1.3212,3.984603,0.02569452,0.002347789,0.9954569,-0.09165108
19.89998,3.926032,1.3212,3.984603,0.02569452,0.002347789,0.9954569,-0.09165108
19.94998,3.926032,1.3212,3.984603,0.02569452,0.002347789,0.9954569,-0.09165108
19.99998,3.926032,1.3212,3.984603,0.02569452,0.002347789,0.9954569,-0.09165108
20.04998,3.926032,1.3212,3.984603,0.02569452,0.002347789,0.9954569,-0.09165108
20.09998,3.926032,1.3212,3.984603,0.02569452,0.002347789,0.9954569,-0.09165108
20.14998,3.926032,1.3212,3.984603,0.02569452,0.002347789,0.9954569,-0.09165108
20.19998,3.926032,1.3212,3.984603,0.02569452,0.002347789,0.9954569,-0.09165108
20.24998,3.926032,1.3212,3.984603,0.02569452,0.002347789,0.9954569,-0.09165108
20.29998,3.926032,1.3212,3.984603,0.02569452,0.002347789,0.9954569,-0.09165108
20.34998,3.926032,1.3212,3.984603,0.02569452,0.002347789,0.9954569,-0.09165108
20.39997,3.926032,1.3212,3.984603,0.02569452,0.002347789,0.9954569,-0.09165108
20.44997,3.926032,1.3212,3.984603,0.02569452,0.002347789,0.9954569,-0.09165108
20.49997,3.926032,1.3212,3.984603,0.02569452,0.002347789,0.9954569,-0.09165108
20.54997,3.926032,1.3212,3.984603,0.02569452,0.002347789,0.9954569,-0.09165108
20.59997,3.926032,1.3212,3.984603,0.02569452,0.002347789,0.9954569,-0.09165108
20.64997,3.926032,1.3212,3.984603,0.02569452,0.002347789,0.9954569,-0.09165108
20.69997,3.926032,1.3212,3.984603,0.02569452,0.002347789,0.9954569,-0.09165108
20.74997,3.926032,1.3212,3.984603,0.02569452,0.002347789,0.9954569,-0.09165108
20.79997,3.926032,1.3212,3.984603,0.02569452,0.002347789,0.9954569,-0.09165108
20.84997,3.926032,1.3212,3.984603,0.02569452,0.002347789,0.9954569,-0.09165108
20.89997,3.926032,1.3212,3.984603,0.02569452,0.002347789,0.9954569,-0.09165108
20.94997,3.926032,1.3212,3.984603,0.02569452,0.002347789,0.9954569,-0.09165108
20.99997,3.926032,1.3212,3.984603,0.02569452,0.002347789,0.9954569,-0.09165108
21.04996,3.926032,1.3212,3.984603,0.02569452,0.002347789,0.9954569,-0.09165108
21.09996,3.926032,1.3212,3.984603,0.02569452,0.002347789,0.9954569,-0.09165108
21.14996,3.926032,1.3212,3.984603,0.02569452,0.002347789,0.9954569,-0.09165108
21.19996,3.926032,1.3212,3.984603,0.02569452,0.002347789,0.9954569,-0.09165108
21.24996,3.926032,1.3212,3.984603,0.02569452,0.002347789,0.9954569,-0.09165108
21.29996,3.926032,1.3212,3.984603,0.02569452,0.002347789,0.9954569,-0.09165108
21.34996,3.926032,1.3212,3.984603,0.02569452,0.002347789,0.9954569,-0.09165108
21.39996,3.926032,1.3212,3.984603,0.02569452,0.002347789,0.9954569,-0.09165108
21.44996,3.926032,1.3212,3.984603,0.02569452,0.002347789,0.9954569,-0.09165108
21.49996,3.926032,1.3212,3.984603,0.02569452,0.002347789,0.9954569,-0.09165108
21.54996,3.926032,1.3212,3.984603,0.02569452,0.002347789,0.9954569,-0.09165108
21.59996,3.926032,1.3212,3.984603,0.02569452,0.002347789,0.9954569,-0.09165108
21.64996,3.926032,1.3212,3.984603,0.02569452,0.002347789,0.9954569,-0.09165108
21.69995,3.926032,1.3212,3.984603,0.02569452,0.002347789,0.9954569,-0.09165108
21.74995,3.926032,1.3212,3.984603,0.02569452,0.002347789,0.9954569,-0.09165108
21.79995,3.926032,1.3212,3.984603,0.02569452,0.002347789,0.9954569,-0.09165108
21.84995,3.926032,1.3212,3.984603,0.02569452,0.002347789,0.9954569,-0.09165108
21.89995,3.926032,1.3212,3.984603,0.02569452,0.002347789,0.9954569,-0.09165108
21.94995,3.926032,1.3212,3.984603,0.02569452,0.002347789,0.9954569,-0.09165108
21.99995,3.926032,1.3212,3.984603,0.02569452,0.002347789,0.9954569,-0.09165108
22.04995,3.926032,1.3212,3.984603,0.02569452,0.002347789,0.9954569,-0.09165108
22.09995,3.926032,1.3212,3.984603,0.02569452,0.002347789,0.9954569,-0.09165108
22.14995,3.926032,1.3212,3.984603,0.02569452,0.002347789,0.9954569,-0.09165108
22.19995,3.926032,1.3212,3.984603,0.02569452,0.002347789,0.9954569,-0.09165108
22.24995,3.926032,1.3212,3.984603,0.02569452,0.002347789,0.9954569,-0.09165108
22.29995,3.926032,1.3212,3.984603,0.02569452,0.002347789,0.9954569,-0.09165108
22.34995,3.926032,1.3212,3.984603,0.02569452,0.002347789,0.9954569,-0.09165108
22.39994,3.926032,1.3212,3.984603,0.02569452,0.002347789,0.9954569,-0.09165108
22.44994,3.926032,1.3212,3.984603,0.02569452,0.002347789,0.9954569,-0.09165108
22.49994,3.926032,1.3212,3.984603,0.02569452,0.002347789,0.9954569,-0.09165108
22.54994,3.926032,1.3212,3.984603,0.02569452,0.002347789,0.9954569,-0.09165108
22.59994,3.926032,1.3212,3.984603,0.02569452,0.002347789,0.9954569,-0.09165108
22.64994,3.926032,1.3212,3.984603,0.02569452,0.002347789,0.9954569,-0.09165108
22.69994,3.926032,1.3212,3.984603,0.02569452,0.002347789,0.9954569,-0.09165108
22.74994,3.926032,1.3212,3.984603,0.02569452,0.002347789,0.9954569,-0.09165108
22.79994,3.926032,1.3212,3.984603,0.02569452,0.002347789,0.9954569,-0.09165108
22.84994,3.926032,1.3212,3.984603,0.02569452,0.002347789,0.9954569,-0.09165108
22.89994,3.926032,1.3212,3.984603,0.02569452,0.002347789,0.9954569,-0.09165108
22.94994,3.926032,1.3212,3.984603,0.02569452,0.002347789,0.9954569,-0.09165108
22.99994,3.926032,1.3212,3.984603,0.02569452,0.002347789,0.9954569,-0.09165108
23.04993,3.926032,1.3212,3.984603,0.02569452,0.002347789,0.9954569,-0.09165108
23.09993,3.926032,1.3212,3.984603,0.02569452,0.002347789,0.9954569,-0.09165108
23.14993,3.926032,1.3212,3.984603,0.02569452,0.002347789,0.9954569,-0.09165108
23.19993,3.926032,1.3212,3.984603,0.02569452,0.002347789,0.9954569,-0.09165108
23.24993,3.926032,1.3212,3.984603,0.02569452,0.002347789,0.9954569,-0.09165108
23.29993,3.926032,1.3212,3.984603,0.02569452,0.002347789,0.9954569,-0.09165108
23.34993,3.926032,1.3212,3.984603,0.02569452,0.002347789,0.9954569,-0.09165108
23.39993,3.926032,1.3212,3.984603,0.02569452,0.002347789,0.9954569,-0.09165108
23.44993,3.926032,1.3212,3.984603,0.02569452,0.002347789,0.9954569,-0.09165108
23.49993,3.926032,1.3212,3.984603,0.02569452,0.002347789,0.9954569,-0.09165108
23.54993,3.926032,1.3212,3.984603,0.02569452,0.002347789,0.9954569,-0.09165108
23.59993,3.926032,1.3212,3.984603,0.02569452,0.002347789,0.9954569,-0.09165108
23.64993,3.926032,1.3212,3.984603,0.02569452,0.002347789,0.9954569,-0.09165108
23.69992,3.926032,1.3212,3.984603,0.02569452,0.002347789,0.9954569,-0.09165108
23.74992,3.926032,1.3212,3.984603,0.02569452,0.002347789,0.9954569,-0.09165108
23.79992,3.926032,1.3212,3.984603,0.02569452,0.002347789,0.9954569,-0.09165108
23.84992,3.926032,1.3212,3.984603,0.02569452,0.002347789,0.9954569,-0.09165108
23.89992,3.926032,1.3212,3.984603,0.02569452,0.002347789,0.9954569,-0.09165108
23.94992,3.926032,1.3212,3.984603,0.02569452,0.002347789,0.9954569,-0.09165108
23.99992,3.926032,1.3212,3.984603,0.02569452,0.002347789,0.9954569,-0.09165108
24.04992,3.926032,1.3212,3.984603,0.02569452,0.002347789,0.9954569,-0.09165108
24.09992,3.926032,1.3212,3.984603,0.02569452,0.002347789,0.9954569,-0.09165108
24.14992,3.926032,1.3212,3.984603,0.02569452,0.002347789,0.9954569,-0.09165108
24.19992,3.926032,1.3212,3.984603,0.02569452,0.002347789,0.9954569,-0.09165108
24.24992,3.926032,1.3212,3.984603,0.02569452,0.002347789,0.9954569,-0.09165108
24.29992,3.926032,1.3212,3.984603,0.02569452,0.002347789,0.9954569,-0.09165108
24.34991,3.926032,1.3212,3.984603,0.02569452,0.002347789,0.9954569,-0.09165108
24.39991,3.926032,1.3212,3.984603,0.02569452,0.002347789,0.9954569,-0.09165108
24.44991,3.926032,1.3212,3.984603,0.02569452,0.002347789,0.9954569,-0.09165108
24.49991,3.926032,1.3212,3.984603,0.02569452,0.002347789,0.9954569,-0.09165108
24.54991,3.926032,1.3212,3.984603,0.02569452,0.002347789,0.9954569,-0.09165108
24.59991,3.926032,1.3212,3.984603,0.02569452,0.002347789,0.9954569,-0.09165108
24.64991,3.926032,1.3212,3.984603,0.02569452,0.002347789,0.9954569,-0.09165108
24.69991,3.926032,1.3212,3.984603,0.02569452,0.002347789,0.9954569,-0.09165108
24.74991,3.926032,1.3212,3.984603,0.02569452,0.002347789,0.9954569,-0.09165108
24.79991,3.926032,1.3212,3.984603,0.02569452,0.002347789,0.9954569,-0.09165108
24.84991,3.926032,1.3212,3.984603,0.02569452,0.002347789,0.9954569,-0.09165108
24.89991,3.926032,1.3212,3.984603,0.02569452,0.002347789,0.9954569,-0.09165108
24.94991,3.926032,1.3212,3.984603,0.02569452,0.002347789,0.9954569,-0.09165108
24.9999,3.914625,1.322543,3.984587,0.02569138,0.002347468,0.9954573,-0.09164738
25.0499,3.902644,1.3235,3.984398,0.02568205,0.002346515,0.9954585,-0.09163635
25.0999,3.890095,1.324076,3.98404,0.02566661,0.00234494,0.9954606,-0.09161813
25.1499,3.876989,1.324277,3.983513,0.02564518,0.002342752,0.9954636,-0.09159282
25.1999,3.863335,1.32411,3.982822,0.02561785,0.002339963,0.9954672,-0.09156054
25.2499,3.84914,1.32358,3.981969,0.02558472,0.002336581,0.9954717,-0.09152142
25.2999,3.834416,1.322694,3.980956,0.0255459,0.002332618,0.9954769,-0.09147558
25.3499,3.819169,1.321457,3.979786,0.02550147,0.002328084,0.9954829,-0.09142312
25.3999,3.80341,1.319875,3.978462,0.02545156,0.002322989,0.9954895,-0.09136418
25.4499,3.787148,1.317955,3.976987,0.02539625,0.002317343,0.995497,-0.09129886
25.4999,3.77039,1.315702,3.975362,0.02533565,0.002311157,0.995505,-0.09122729
25.5499,3.753147,1.313123,3.973592,0.02526985,0.002304441,0.9955139,-0.0911496
25.5999,3.735428,1.310223,3.971678,0.02519896,0.002297205,0.9955233,-0.09106588
25.64989,3.717241,1.307008,3.969623,0.02512308,0.00228946,0.9955335,-0.09097627
25.69989,3.698595,1.303485,3.967429,0.0250423,0.002281215,0.9955443,-0.09088089
25.74989,3.6795,1.299659,3.965101,0.02495674,0.002272482,0.9955556,-0.09077984
25.79989,3.659964,1.295536,3.962639,0.02486649,0.00226327,0.9955676,-0.09067325
25.84989,3.639996,1.291123,3.960047,0.02477165,0.002253589,0.9955803,-0.09056126
25.89989,3.619605,1.286426,3.957327,0.02467233,0.002243451,0.9955934,-0.09044395
25.94989,3.598802,1.281449,3.954483,0.02456861,0.002232864,0.995607,-0.09032146
25.99989,3.577593,1.276201,3.951516,0.02446061,0.002221841,0.9956213,-0.09019391
26.04989,3.555988,1.270685,3.948429,0.02434843,0.00221039,0.9956361,-0.09006143
26.09989,3.533997,1.264909,3.945226,0.02423215,0.002198521,0.9956514,-0.08992409
26.14989,3.511629,1.258879,3.941908,0.0241119,0.002186247,0.9956672,-0.08978207
26.19989,3.488891,1.2526,3.938478,0.02398776,0.002173576,0.9956834,-0.08963545
26.24989,3.465794,1.246078,3.93494,0.02385983,0.002160518,0.9957001,-0.08948435
26.29988,3.442346,1.23932,3.931295,0.02372823,0.002147085,0.9957172,-0.08932891
26.34988,3.418556,1.232331,3.927547,0.02359305,0.002133287,0.9957348,-0.08916924
26.39988,3.394434,1.225118,3.923697,0.02345438,0.002119133,0.9957527,-0.08900545
26.44988,3.369988,1.217686,3.919749,0.02331233,0.002104634,0.9957711,-0.08883767
26.49988,3.345227,1.210041,3.915705,0.023167,0.0020898,0.9957898,-0.08866601
26.54988,3.320161,1.20219,3.911569,0.0230185,0.002074642,0.9958088,-0.08849059
26.59988,3.294798,1.194139,3.907342,0.02286692,0.00205917,0.9958283,-0.08831154
26.64988,3.269147,1.185893,3.903027,0.02271236,0.002043394,0.9958481,-0.08812895
26.69988,3.243217,1.177458,3.898627,0.02255493,0.002027325,0.9958681,-0.08794299
26.74988,3.217018,1.168841,3.894145,0.02239472,0.002010972,0.9958884,-0.08775373
26.79988,3.190558,1.160047,3.889583,0.02223183,0.001994347,0.995909,-0.0875613
26.84988,3.163846,1.151083,3.884944,0.02206638,0.001977458,0.9959299,-0.08736583
26.89988,3.136891,1.141954,3.88023,0.02189844,0.001960317,0.9959511,-0.08716744
26.94987,3.109703,1.132667,3.875445,0.02172814,0.001942934,0.9959724,-0.08696624
26.99987,3.08229,1.123227,3.87059,0.02155557,0.001925319,0.995994,-0.08676235
27.04987,3.05466,1.11364,3.865669,0.02138082,0.001907483,0.9960157,-0.0865559
27.09987,3.026825,1.103913,3.860685,0.021204,0.001889436,0.9960377,-0.08634699
27.14987,2.998791,1.094052,3.855639,0.02102522,0.001871187,0.9960598,-0.08613575
27.19987,2.970569,1.084062,3.850534,0.02084457,0.001852748,0.9960821,-0.0859223
27.24987,2.942167,1.073949,3.845374,0.02066215,0.001834128,0.9961044,-0.08570676
27.29987,2.913594,1.06372,3.840161,0.02047806,0.001815339,0.9961269,-0.08548924
27.34987,2.884859,1.053381,3.834897,0.02029241,0.00179639,0.9961496,-0.08526987
27.39987,2.855971,1.042937,3.829585,0.02010529,0.001777291,0.9961723,-0.08504875
27.44987,2.826939,1.032394,3.824228,0.01991681,0.001758053,0.9961951,-0.08482604
27.49987,2.797773,1.021759,3.818829,0.01972707,0.001738686,0.996218,-0.08460181
27.54987,2.768481,1.011037,3.813389,0.01953616,0.0017192,0.9962409,-0.08437621
27.59986,2.739072,1.000235,3.807913,0.0193442,0.001699607,0.9962639,-0.08414935
27.64986,2.709555,0.9893585,3.802401,0.01915127,0.001679915,0.9962869,-0.08392135
27.69986,2.679939,0.9784134,3.796858,0.01895748,0.001660135,0.9963099,-0.08369232
27.74986,2.650234,0.9674058,3.791286,0.01876293,0.001640278,0.9963329,-0.0834624
27.79986,2.620447,0.9563417,3.785687,0.01856773,0.001620354,0.9963559,-0.08323169
27.84986,2.590589,0.945227,3.780064,0.01837197,0.001600374,0.9963789,-0.08300032
27.89986,2.560668,0.9340679,3.77442,0.01817576,0.001580346,0.9964018,-0.0827684
27.94986,2.530693,0.9228703,3.768757,0.01797919,0.001560283,0.9964247,-0.08253606
27.99986,2.500673,0.9116402,3.763079,0.01778236,0.001540193,0.9964474,-0.08230342
28.04986,2.470617,0.9003836,3.757387,0.01758539,0.001520088,0.9964702,-0.08207058
28.09986,2.440534,0.8891065,3.751684,0.01738835,0.001499978,0.9964928,-0.08183768
28.14986,2.410433,0.8778149,3.745974,0.01719137,0.001479873,0.9965154,-0.08160483
28.19986,2.380324,0.8665148,3.740258,0.01699454,0.001459783,0.9965378,-0.08137216
28.24986,2.350214,0.8552123,3.734539,0.01679796,0.001439718,0.9965601,-0.08113977
28.29985,2.320114,0.8439133,3.728821,0.01660173,0.00141969,0.9965823,-0.08090779
28.34985,2.290031,0.8326237,3.723104,0.01640595,0.001399708,0.9966043,-0.08067634
28.39985,2.259976,0.8213498,3.717394,0.01621073,0.001379782,0.9966262,-0.08044554
28.44985,2.229956,0.8100973,3.711691,0.01601616,0.001359923,0.996648,-0.08021551
28.49985,2.199982,0.7988724,3.705999,0.01582235,0.001340141,0.9966695,-0.07998636
28.54985,2.170062,0.7876811,3.700321,0.0156294,0.001320447,0.9966909,-0.07975823
28.59985,2.140205,0.7765292,3.694658,0.01543739,0.00130085,0.996712,-0.07953122
28.64985,2.11042,0.7654229,3.689014,0.01524645,0.001281362,0.996733,-0.07930546
28.69985,2.080716,0.7543682,3.683391,0.01505667,0.001261991,0.9967537,-0.07908105
28.74985,2.051102,0.743371,3.677792,0.01486815,0.00124275,0.9967742,-0.07885814
28.79985,2.021587,0.7324374,3.67222,0.01468099,0.001223647,0.9967945,-0.07863683
28.84985,1.99218,0.7215732,3.666676,0.01449529,0.001204694,0.9968145,-0.07841724
28.89985,1.96289,0.7107846,3.661165,0.01431116,0.0011859,0.9968343,-0.07819949
28.94984,1.933726,0.7000776,3.655688,0.01412868,0.001167276,0.9968538,-0.07798371
28.99984,1.904697,0.6894582,3.650249,0.01394798,0.001148832,0.9968731,-0.07777002
29.04984,1.875812,0.6789323,3.644849,0.01376914,0.001130579,0.9968922,-0.07755852
29.09984,1.84708,0.668506,3.639492,0.01359227,0.001112526,0.9969108,-0.07734935
29.14984,1.81851,0.6581852,3.63418,0.01341746,0.001094685,0.9969292,-0.07714261
29.19984,1.790111,0.647976,3.628916,0.01324482,0.001077065,0.9969473,-0.07693844
29.24984,1.761892,0.6378844,3.623703,0.01307446,0.001059676,0.9969651,-0.07673695
29.29984,1.733862,0.6279164,3.618542,0.01290646,0.00104253,0.9969826,-0.07653825
29.34984,1.70603,0.6180779,3.613438,0.01274094,0.001025636,0.9969997,-0.07634247
29.39984,1.678405,0.608375,3.608392,0.01257799,0.001009004,0.9970165,-0.07614975
29.44984,1.650995,0.5988137,3.603407,0.01241771,0.0009926456,0.997033,-0.07596017
29.49984,1.623811,0.5893999,3.598486,0.0122602,0.0009765704,0.9970492,-0.07577386
29.54984,1.596861,0.5801398,3.593631,0.01210557,0.0009607884,0.997065,-0.07559097
29.59983,1.570154,0.5710392,3.588846,0.01195392,0.0009453102,0.9970804,-0.07541158
29.64983,1.543698,0.5621042,3.584132,0.01180535,0.0009301461,0.9970955,-0.07523584
29.69983,1.517504,0.5533409,3.579493,0.01165995,0.0009153064,0.9971101,-0.07506384
29.74983,1.491579,0.544755,3.574931,0.01151783,0.0009008014,0.9971244,-0.07489572
29.79983,1.465934,0.5363528,3.570448,0.0113791,0.0008866414,0.9971384,-0.0747316
29.84983,1.440576,0.5281402,3.566048,0.01124384,0.0008728368,0.9971519,-0.0745716
29.89983,1.415515,0.5201232,3.561733,0.01111216,0.0008593975,0.997165,-0.07441583
29.94983,1.39076,0.5123078,3.557506,0.01098417,0.0008463341,0.9971778,-0.07426441
29.99983,1.36632,0.5047,3.553369,0.01085996,0.000833657,0.9971901,-0.07411747
30.04983,1.342204,0.4973058,3.549325,0.01073964,0.0008213764,0.997202,-0.07397512
30.09983,1.318421,0.4901312,3.545377,0.0106233,0.0008095026,0.9972134,-0.07383748
30.14983,1.29498,0.4831822,3.541527,0.01051105,0.0007980459,0.9972245,-0.07370467
30.19983,1.271889,0.4764649,3.537779,0.01040298,0.0007870163,0.997235,-0.07357683
30.24982,1.249159,0.4699851,3.534134,0.0102992,0.0007764245,0.9972451,-0.07345404
30.29982,1.226797,0.463749,3.530595,0.01019982,0.0007662807,0.9972548,-0.07333645
30.34982,1.204813,0.4577625,3.527165,0.01010492,0.0007565952,0.997264,-0.07322417
30.39982,1.183216,0.4520316,3.523847,0.01001461,0.000747378,0.9972728,-0.07311732
30.44982,1.162015,0.4465623,3.520643,0.009928993,0.0007386399,0.9972811,-0.07301603
30.49982,1.141219,0.4413607,3.517557,0.009848173,0.000730391,0.9972889,-0.0729204
30.54982,1.120836,0.4364327,3.51459,0.009772242,0.0007226413,0.9972962,-0.07283056
30.59982,1.100877,0.4317843,3.511745,0.009701306,0.0007154015,0.997303,-0.07274662
30.64982,1.081349,0.4274216,3.509025,0.009635466,0.0007086818,0.9973094,-0.07266872
30.69982,1.062262,0.4233505,3.506433,0.00957482,0.0007024921,0.9973152,-0.07259696
30.74982,1.043625,0.419577,3.503971,0.009519474,0.0006968433,0.9973205,-0.07253148
30.79982,1.025446,0.4161072,3.501642,0.009469523,0.0006917453,0.9973253,-0.07247238
30.84982,1.007736,0.412947,3.499448,0.009425072,0.0006872084,0.9973295,-0.07241977
30.89981,0.990502,0.4101025,3.497393,0.009386221,0.0006832433,0.9973332,-0.0723738
30.94981,0.9737541,0.4075796,3.495479,0.00935307,0.0006798598,0.9973363,-0.07233457
30.99981,0.957501,0.4053843,3.493708,0.009325719,0.0006770684,0.997339,-0.07230221
31.04981,0.9417517,0.4035228,3.492083,0.009304272,0.0006748794,0.997341,-0.07227684
31.09981,0.926515,0.4020008,3.490608,0.009288827,0.0006733032,0.9973424,-0.07225855
31.14981,0.9118001,0.4008246,3.489283,0.009279487,0.0006723499,0.9973434,-0.07224751
31.19981,0.8976172,0.4,3.488113,0.009276352,0.0006720299,0.9973437,-0.0722438
31.24981,0.8836732,0.3995446,3.487041,0.009276353,0.0006720298,0.9973437,-0.0722438
31.29981,0.8696731,0.3994678,3.486007,0.009276353,0.0006720298,0.9973437,-0.0722438
31.34981,0.855618,0.3997634,3.485011,0.009276353,0.0006720298,0.9973437,-0.0722438
31.39981,0.841509,0.4004254,3.484052,0.009276353,0.0006720298,0.9973437,-0.0722438
31.44981,0.827347,0.4014475,3.48313,0.009276353,0.0006720299,0.9973437,-0.0722438
31.49981,0.8131333,0.4028237,3.482244,0.009276354,0.0006720299,0.9973437,-0.0722438
31.5498,0.7988687,0.4045477,3.481393,0.009276354,0.0006720299,0.9973437,-0.0722438
31.5998,0.7845544,0.4066134,3.480577,0.009276354,0.0006720299,0.9973437,-0.0722438
31.6498,0.7701913,0.4090146,3.479795,0.009276355,0.0006720299,0.9973437,-0.0722438
31.6998,0.7557807,0.4117452,3.479047,0.009276355,0.0006720299,0.9973437,-0.0722438
31.7498,0.7413235,0.414799,3.478331,0.009276355,0.00067203,0.9973437,-0.0722438
31.7998,0.7268207,0.4181699,3.477648,0.009276356,0.00067203,0.9973437,-0.0722438
31.8498,0.7122735,0.4218517,3.476996,0.009276356,0.00067203,0.9973437,-0.0722438
31.8998,0.6976828,0.4258382,3.476376,0.009276357,0.00067203,0.9973437,-0.0722438
31.9498,0.6830497,0.4301234,3.475785,0.009276357,0.0006720301,0.9973437,-0.0722438
31.9998,0.6683753,0.4347009,3.475225,0.009276357,0.0006720301,0.9973437,-0.0722438
32.0498,0.6536607,0.4395648,3.474694,0.009276357,0.0006720301,0.9973437,-0.0722438
32.0998,0.6389067,0.4447087,3.474191,0.009276358,0.0006720301,0.9973437,-0.0722438
32.1498,0.6241146,0.4501267,3.473716,0.009276359,0.0006720302,0.9973437,-0.0722438
32.19979,0.6092855,0.4558125,3.473269,0.009276359,0.0006720303,0.9973437,-0.0722438
32.24979,0.5944202,0.4617598,3.472848,0.00927636,0.0006720303,0.9973437,-0.0722438
32.29979,0.5795199,0.4679628,3.472453,0.009276361,0.0006720303,0.9973437,-0.0722438
32.34979,0.5645857,0.474415,3.472083,0.009276361,0.0006720304,0.9973437,-0.0722438
32.39979,0.5496185,0.4811105,3.471738,0.009276362,0.0006720304,0.9973437,-0.0722438
32.44979,0.5346195,0.4880429,3.471418,0.009276363,0.0006720305,0.9973437,-0.07224379
32.49979,0.5195897,0.4952062,3.471121,0.009276364,0.0006720306,0.9973437,-0.07224379
32.54979,0.5045301,0.5025943,3.470846,0.009276365,0.0006720306,0.9973437,-0.07224379
32.59979,0.4894418,0.5102009,3.470594,0.009276365,0.0006720307,0.9973437,-0.07224379
32.64979,0.4743258,0.5180199,3.470364,0.009276366,0.0006720307,0.9973437,-0.07224379
32.69979,0.4591832,0.5260452,3.470155,0.009276367,0.0006720308,0.9973437,-0.07224379
32.74979,0.4440151,0.5342705,3.469966,0.009276368,0.0006720308,0.9973437,-0.07224379
32.79979,0.4288225,0.5426898,3.469796,0.009276369,0.0006720309,0.9973437,-0.07224379
32.84978,0.4136065,0.5512968,3.469646,0.00927637,0.000672031,0.9973437,-0.07224379
32.89978,0.398368,0.5600855,3.469515,0.009276371,0.000672031,0.9973437,-0.07224379
32.94978,0.3831082,0.5690496,3.469401,0.009276371,0.0006720311,0.9973437,-0.07224379
32.99978,0.3678282,0.5781831,3.469305,0.009276372,0.0006720311,0.9973437,-0.07224379
33.04978,0.3525288,0.5874796,3.469225,0.009276373,0.0006720312,0.9973437,-0.07224379
33.09978,0.3372113,0.5969332,3.469161,0.009276374,0.0006720313,0.9973437,-0.07224379
33.14978,0.3218767,0.6065376,3.469112,0.009276375,0.0006720314,0.9973437,-0.07224379
33.19978,0.3065259,0.6162866,3.469079,0.009276376,0.0006720314,0.9973437,-0.07224379
33.24978,0.2911602,0.6261743,3.469059,0.009276377,0.0006720315,0.9973437,-0.07224379
33.29978,0.2757804,0.6361942,3.469053,0.009276379,0.0006720315,0.9973437,-0.07224379
33.34978,0.2603877,0.6463404,3.46906,0.00927638,0.0006720316,0.9973437,-0.07224379
33.39978,0.2449832,0.6566067,3.469079,0.009276381,0.0006720317,0.9973437,-0.07224379
33.44978,0.2295678,0.6669868,3.46911,0.009276382,0.0006720318,0.9973437,-0.07224379
33.49977,0.2141426,0.6774747,3.469151,0.009276383,0.0006720318,0.9973437,-0.07224379
33.54977,0.1987087,0.6880641,3.469203,0.009276384,0.000672032,0.9973437,-0.07224379
33.59977,0.1832671,0.698749,3.469265,0.009276385,0.000672032,0.9973437,-0.07224379
33.64977,0.1678189,0.7095231,3.469336,0.009276386,0.0006720321,0.9973437,-0.07224379
33.69977,0.1523651,0.7203804,3.469415,0.009276387,0.0006720321,0.9973437,-0.07224379
33.74977,0.1369068,0.7313147,3.469503,0.009276388,0.0006720322,0.9973437,-0.07224379
33.79977,0.1214451,0.7423197,3.469597,0.009276389,0.0006720323,0.9973437,-0.07224379
33.84977,0.1059809,0.7533894,3.469698,0.009276391,0.0006720324,0.9973437,-0.07224379
33.89977,0.09051539,0.7645175,3.469806,0.009276392,0.0006720325,0.9973437,-0.07224379
33.94977,0.07504956,0.775698,3.469918,0.009276393,0.0006720325,0.9973437,-0.07224379
33.99977,0.05958444,0.7869247,3.470036,0.009276394,0.0006720326,0.9973437,-0.07224379
34.04977,0.04412114,0.7981914,3.470157,0.009276396,0.0006720327,0.9973437,-0.07224379
34.09977,0.02866065,0.809492,3.470282,0.009276397,0.0006720328,0.9973437,-0.07224379
34.14977,0.01320409,0.8208202,3.47041,0.009276398,0.0006720329,0.9973437,-0.07224379
34.19976,-0.002247526,0.83217,3.470539,0.009276398,0.0006720329,0.9973437,-0.07224379
34.24976,-0.01769316,0.8435352,3.470671,0.0092764,0.000672033,0.9973437,-0.07224379
34.29976,-0.03313174,0.8549096,3.470804,0.009276401,0.0006720331,0.9973437,-0.07224379
34.34976,-0.04856222,0.8662871,3.470937,0.009276401,0.0006720331,0.9973437,-0.07224377
34.39976,-0.06398361,0.8776616,3.471069,0.009276402,0.0006720332,0.9973437,-0.07224377
34.44976,-0.07939477,0.8890268,3.471201,0.009276404,0.0006720333,0.9973437,-0.07224377
34.49976,-0.09479468,0.9003767,3.471331,0.009276405,0.0006720333,0.9973437,-0.07224377
34.54976,-0.1101823,0.911705,3.47146,0.009276406,0.0006720335,0.9973437,-0.07224377
34.59976,-0.1255566,0.9230056,3.471585,0.009276407,0.0006720335,0.9973437,-0.07224377
34.64976,-0.1409164,0.9342723,3.471707,0.009276409,0.0006720336,0.9973437,-0.07224377
34.69976,-0.1562608,0.9454991,3.471825,0.00927641,0.0006720337,0.9973437,-0.07224377
34.74976,-0.1715886,0.9566796,3.471938,0.009276411,0.0006720338,0.9973437,-0.07224377
34.79976,-0.1868989,0.9678078,3.472047,0.009276411,0.0006720339,0.9973437,-0.07224377
34.84975,-0.2021906,0.9788775,3.472149,0.009276413,0.0006720339,0.9973437,-0.07224377
34.89975,-0.2174626,0.9898826,3.472245,0.009276414,0.000672034,0.9973437,-0.07224377
34.94975,-0.2327138,1.000817,3.472333,0.009276415,0.0006720341,0.9973437,-0.07224377
34.99975,-0.2479434,1.011674,3.472414,0.009276416,0.0006720342,0.9973437,-0.07224377
35.04975,-0.26315,1.022448,3.472486,0.009276417,0.0006720342,0.9973437,-0.07224377
35.09975,-0.2783328,1.033133,3.47255,0.009276419,0.0006720343,0.9973437,-0.07224377
35.14975,-0.2934907,1.043723,3.472604,0.00927642,0.0006720344,0.9973437,-0.07224377
35.19975,-0.3086226,1.054211,3.472647,0.009276421,0.0006720345,0.9973437,-0.07224376
35.24975,-0.3237274,1.064591,3.47268,0.009276422,0.0006720345,0.9973437,-0.07224376
35.29975,-0.3388042,1.074857,3.472701,0.009276423,0.0006720346,0.9973437,-0.07224376
35.34975,-0.3538518,1.085004,3.47271,0.009276424,0.0006720347,0.9973437,-0.07224376
35.39975,-0.3688693,1.095024,3.472706,0.009276425,0.0006720347,0.9973437,-0.07224376
35.44975,-0.3838555,1.104911,3.472689,0.009276426,0.0006720348,0.9973437,-0.07224376
35.49974,-0.3988094,1.114661,3.472657,0.009276427,0.0006720349,0.9973437,-0.07224376
35.54974,-0.41373,1.124265,3.472611,0.009276428,0.000672035,0.9973437,-0.07224376
35.59974,-0.4286161,1.133719,3.47255,0.009276429,0.000672035,0.9973437,-0.07224376
35.64974,-0.4434669,1.143015,3.472473,0.00927643,0.0006720351,0.9973437,-0.07224376
35.69974,-0.4582811,1.152149,3.47238,0.009276431,0.0006720352,0.9973437,-0.07224376
35.74974,-0.4730578,1.161113,3.472269,0.009276432,0.0006720352,0.9973437,-0.07224376
35.79974,-0.4877959,1.169902,3.47214,0.009276433,0.0006720353,0.9973437,-0.07224376
35.84974,-0.5024943,1.178509,3.471993,0.009276434,0.0006720353,0.9973437,-0.07224376
35.89974,-0.517152,1.186928,3.471828,0.009276435,0.0006720354,0.9973437,-0.07224376
35.94974,-0.531768,1.195153,3.471642,0.009276436,0.0006720354,0.9973437,-0.07224376
35.99974,-0.5463411,1.203179,3.471436,0.009276437,0.0006720355,0.9973437,-0.07224376
36.04974,-0.5608704,1.210998,3.471209,0.009276438,0.0006720356,0.9973437,-0.07224376
36.09974,-0.5753548,1.218604,3.470961,0.009276438,0.0006720356,0.9973437,-0.07224376
36.14973,-0.5897932,1.225992,3.470691,0.009276439,0.0006720357,0.9973437,-0.07224376
36.19973,-0.6041846,1.233156,3.470397,0.009276439,0.0006720357,0.9973437,-0.07224376
36.24973,-0.6185279,1.240088,3.470081,0.00927644,0.0006720358,0.9973437,-0.07224376
36.29973,-0.6328222,1.246784,3.46974,0.009276441,0.0006720359,0.9973437,-0.07224376
36.34973,-0.6470662,1.253236,3.469375,0.009276441,0.0006720359,0.9973437,-0.07224376
36.39973,-0.6612591,1.259439,3.468984,0.009276442,0.0006720359,0.9973437,-0.07224376
36.44973,-0.6753996,1.265387,3.468568,0.009276443,0.000672036,0.9973437,-0.07224376
36.49973,-0.6894868,1.271072,3.468124,0.009276443,0.000672036,0.9973437,-0.07224376
36.54973,-0.7035196,1.27649,3.467654,0.009276444,0.0006720361,0.9973437,-0.07224376
36.59973,-0.7174971,1.281634,3.467156,0.009276445,0.0006720361,0.9973437,-0.07224376
36.64973,-0.731418,1.286498,3.46663,0.009276445,0.0006720361,0.9973437,-0.07224376
36.69973,-0.7452814,1.291076,3.466075,0.009276446,0.0006720361,0.9973437,-0.07224376
36.74973,-0.7590862,1.295361,3.46549,0.009276446,0.0006720362,0.9973437,-0.07224376
36.79972,-0.7728314,1.299348,3.464874,0.009276447,0.0006720363,0.9973437,-0.07224376
36.84972,-0.7865158,1.30303,3.464228,0.009276447,0.0006720363,0.9973437,-0.07224376
36.89972,-0.8001386,1.306401,3.46355,0.009276448,0.0006720363,0.9973437,-0.07224376
36.94972,-0.8136986,1.309454,3.46284,0.009276448,0.0006720363,0.9973437,-0.07224376
36.99972,-0.8271947,1.312185,3.462098,0.009276448,0.0006720363,0.9973437,-0.07224376
37.04972,-0.8406259,1.314586,3.461321,0.009276449,0.0006720364,0.9973437,-0.07224376
37.09972,-0.8539912,1.316652,3.460511,0.009276449,0.0006720364,0.9973437,-0.07224376
37.14972,-0.8672894,1.318376,3.459666,0.009276449,0.0006720364,0.9973437,-0.07224376
37.19972,-0.8805197,1.319752,3.458786,0.00927645,0.0006720364,0.9973437,-0.07224376
37.24972,-0.8936808,1.320774,3.45787,0.00927645,0.0006720364,0.9973437,-0.07224376
37.29972,-0.9067718,1.321436,3.456918,0.00927645,0.0006720364,0.9973437,-0.07224376
37.34972,-0.9197916,1.321732,3.455928,0.00927645,0.0006720364,0.9973437,-0.07224376
37.39972,-0.9327391,1.321655,3.4549,0.00927645,0.0006720364,0.9973437,-0.07224376
37.44971,-0.9456123,1.3212,3.453835,0.00927645,0.0006720364,0.9973437,-0.07224376
37.49971,-0.9585115,1.320527,3.452738,0.009288158,0.0006728643,0.9973436,-0.07224347
37.54971,-0.9715335,1.319802,3.451617,0.00932303,0.0006753297,0.9973433,-0.0722426
37.59971,-0.9846767,1.319025,3.450473,0.009380691,0.0006794064,0.9973429,-0.07224115
37.64971,-0.9979392,1.318198,3.449305,0.009460763,0.0006850675,0.9973422,-0.07223914
37.69971,-1.011319,1.317321,3.448115,0.009562872,0.0006922867,0.9973415,-0.0722366
37.74971,-1.024815,1.316396,3.446901,0.009686639,0.0007010371,0.9973404,-0.07223349
37.79971,-1.038425,1.315422,3.445664,0.009831687,0.0007112923,0.9973393,-0.07222986
37.84971,-1.052148,1.314401,3.444405,0.009997644,0.0007230254,0.9973379,-0.0722257
37.89971,-1.06598,1.313334,3.443122,0.01018413,0.0007362101,0.9973364,-0.07222102
37.94971,-1.079922,1.312222,3.441817,0.01039077,0.0007508199,0.9973347,-0.07221584
37.99971,-1.093971,1.311065,3.44049,0.01061719,0.0007668278,0.9973326,-0.07221015
38.04971,-1.108125,1.309864,3.43914,0.01086301,0.0007842075,0.9973304,-0.07220398
38.0997,-1.122383,1.30862,3.437767,0.01112786,0.0008029324,0.997328,-0.07219732
38.1497,-1.136742,1.307335,3.436373,0.01141135,0.0008229759,0.9973253,-0.07219019
38.1997,-1.151202,1.306008,3.434956,0.01171313,0.0008443113,0.9973223,-0.07218258
38.2497,-1.16576,1.30464,3.433517,0.0120328,0.0008669121,0.997319,-0.07217453
38.2997,-1.180414,1.303233,3.432056,0.01236998,0.0008907517,0.9973155,-0.07216603
38.3497,-1.195163,1.301787,3.430573,0.01272432,0.0009158036,0.9973117,-0.07215708
38.3997,-1.210005,1.300304,3.429069,0.01309543,0.000942041,0.9973075,-0.07214769
38.4497,-1.224938,1.298783,3.427543,0.01348293,0.0009694376,0.9973031,-0.07213788
38.4997,-1.239961,1.297226,3.425995,0.01388644,0.0009979666,0.9972982,-0.07212766
38.5497,-1.255072,1.295634,3.424426,0.0143056,0.001027601,0.9972931,-0.07211703
38.5997,-1.270268,1.294008,3.422836,0.01474002,0.001058315,0.9972875,-0.07210599
38.6497,-1.285549,1.292347,3.421224,0.01518934,0.001090082,0.9972816,-0.07209457
38.6997,-1.300912,1.290654,3.419592,0.01565316,0.001122875,0.9972752,-0.07208276
38.74969,-1.316357,1.288929,3.417938,0.01613112,0.001156667,0.9972684,-0.07207057
38.79969,-1.33188,1.287173,3.416264,0.01662284,0.001191432,0.9972612,-0.07205801
38.84969,-1.34748,1.285386,3.414568,0.01712795,0.001227143,0.9972535,-0.0720451
38.89969,-1.363156,1.28357,3.412852,0.01764605,0.001263774,0.9972454,-0.07203183
38.94969,-1.378905,1.281725,3.411116,0.0181768,0.001301297,0.9972368,-0.07201822
38.99969,-1.394726,1.279853,3.409359,0.01871979,0.001339687,0.9972278,-0.07200427
39.04969,-1.410618,1.277953,3.407581,0.01927465,0.001378917,0.9972181,-0.07199
39.09969,-1.426578,1.276028,3.405784,0.01984102,0.001418959,0.997208,-0.07197541
39.14969,-1.442605,1.274077,3.403966,0.02041851,0.001459788,0.9971974,-0.07196051
39.19969,-1.458696,1.272102,3.402128,0.02100675,0.001501376,0.9971862,-0.0719453
39.24969,-1.474851,1.270103,3.40027,0.02160535,0.001543698,0.9971745,-0.0719298
39.29969,-1.491067,1.268082,3.398392,0.02221394,0.001586726,0.9971622,-0.07191402
39.34969,-1.507343,1.266038,3.396495,0.02283215,0.001630434,0.9971493,-0.07189795
39.39968,-1.523677,1.263974,3.394578,0.02345959,0.001674794,0.9971358,-0.07188162
39.44968,-1.540067,1.261889,3.392642,0.0240959,0.001719782,0.9971218,-0.07186504
39.49968,-1.556511,1.259785,3.390686,0.02474069,0.001765368,0.9971071,-0.0718482
39.54968,-1.573008,1.257663,3.38871,0.02539358,0.001811528,0.9970918,-0.07183111
39.59968,-1.589556,1.255522,3.386716,0.02605419,0.001858234,0.997076,-0.07181379
39.64968,-1.606153,1.253365,3.384702,0.02672216,0.001905459,0.9970595,-0.07179625
39.69968,-1.622797,1.251192,3.382669,0.02739709,0.001953178,0.9970423,-0.07177848
39.74968,-1.639487,1.249004,3.380618,0.02807863,0.002001362,0.9970246,-0.07176052
39.79968,-1.656221,1.246801,3.378547,0.02876637,0.002049986,0.9970062,-0.07174236
39.84968,-1.672997,1.244585,3.376458,0.02945996,0.002099023,0.9969872,-0.07172401
39.89968,-1.689813,1.242357,3.374351,0.030159,0.002148446,0.9969675,-0.07170548
39.94968,-1.706668,1.240116,3.372225,0.03086312,0.002198228,0.9969472,-0.07168677
39.99968,-1.72356,1.237865,3.37008,0.03157195,0.002248342,0.9969262,-0.0716679
40.04967,-1.740487,1.235603,3.367918,0.03228511,0.002298763,0.9969046,-0.07164888
40.09967,-1.757447,1.233333,3.365736,0.03300221,0.002349462,0.9968824,-0.07162973
40.14967,-1.774439,1.231053,3.363538,0.03372288,0.002400414,0.9968596,-0.07161043
40.19967,-1.79146,1.228766,3.36132,0.03444675,0.002451591,0.9968361,-0.071591
40.24967,-1.80851,1.226473,3.359086,0.03517343,0.002502968,0.9968119,-0.07157148
40.29967,-1.825586,1.224173,3.356833,0.03590254,0.002554517,0.9967873,-0.07155184
40.34967,-1.842686,1.221869,3.354563,0.03663372,0.002606211,0.996762,-0.07153212
40.39967,-1.85981,1.21956,3.352275,0.03736657,0.002658023,0.996736,-0.0715123
40.44967,-1.876954,1.217248,3.34997,0.03810072,0.002709928,0.9967095,-0.07149241
40.49967,-1.894118,1.214933,3.347648,0.03883579,0.002761897,0.9966824,-0.07147245
40.54967,-1.911299,1.212617,3.345308,0.03957141,0.002813906,0.9966547,-0.07145245
40.59967,-1.928496,1.2103,3.342951,0.04030719,0.002865927,0.9966266,-0.0714324
40.64967,-1.945707,1.207982,3.340577,0.04104277,0.002917933,0.9965978,-0.07141231
40.69967,-1.96293,1.205666,3.338187,0.04177776,0.002969896,0.9965686,-0.0713922
40.74966,-1.980164,1.203351,3.335779,0.04251179,0.003021792,0.9965389,-0.07137208
40.79966,-1.997406,1.201039,3.333355,0.04324447,0.003073593,0.9965086,-0.07135195
40.84966,-2.014656,1.19873,3.330914,0.04397543,0.003125272,0.9964779,-0.07133184
40.89966,-2.031911,1.196425,3.328457,0.04470429,0.003176803,0.9964467,-0.07131173
40.94966,-2.049169,1.194125,3.325983,0.04543067,0.003228158,0.9964151,-0.07129167
40.99966,-2.066429,1.191831,3.323493,0.0461542,0.003279311,0.9963831,-0.07127164
41.04966,-2.083689,1.189544,3.320987,0.04687449,0.003330236,0.9963508,-0.07125167
41.09966,-2.100947,1.187265,3.318465,0.04759118,0.003380906,0.9963181,-0.07123175
41.14966,-2.118202,1.184993,3.315927,0.04830387,0.003431293,0.9962851,-0.07121192
41.19966,-2.135452,1.182731,3.313373,0.04901221,0.003481373,0.9962517,-0.07119216
41.24966,-2.152694,1.18048,3.310803,0.0497158,0.003531117,0.996218,-0.0711725
41.29966,-2.169928,1.178239,3.308217,0.05041428,0.0035805,0.9961841,-0.07115295
41.34966,-2.187151,1.176009,3.305616,0.05110726,0.003629494,0.9961501,-0.07113352
41.39965,-2.204361,1.173793,3.303,0.05179437,0.003678072,0.9961157,-0.0711142
41.44965,-2.221558,1.17159,3.300368,0.05247524,0.00372621,0.9960813,-0.07109504
41.49965,-2.238739,1.169401,3.297721,0.05314947,0.003773878,0.9960467,-0.07107604
41.54965,-2.255902,1.167227,3.295059,0.05381672,0.003821052,0.9960121,-0.07105719
41.59965,-2.273046,1.165069,3.292382,0.05447658,0.003867705,0.9959773,-0.07103852
41.64965,-2.290169,1.162928,3.28969,0.0551287,0.00391381,0.9959427,-0.07102005
41.69965,-2.307269,1.160805,3.286983,0.05577268,0.00395934,0.9959079,-0.07100177
41.74965,-2.324344,1.1587,3.284261,0.05640816,0.004004268,0.9958732,-0.07098369
41.79965,-2.341394,1.156614,3.281525,0.05703476,0.004048568,0.9958385,-0.07096585
41.84965,-2.358414,1.154549,3.278774,0.0576521,0.004092215,0.9958041,-0.07094824
41.89965,-2.375406,1.152505,3.27601,0.05825981,0.004135179,0.9957697,-0.07093087
41.94965,-2.392365,1.150482,3.27323,0.05885753,0.004177438,0.9957357,-0.07091377
41.99965,-2.409291,1.148482,3.270437,0.05944486,0.004218962,0.9957018,-0.07089694
42.04964,-2.426182,1.146506,3.267629,0.06002143,0.004259726,0.9956682,-0.07088039
42.09964,-2.443037,1.144554,3.264807,0.06058687,0.004299703,0.995635,-0.07086414
42.14964,-2.459852,1.142628,3.261972,0.06114081,0.004338865,0.9956021,-0.0708482
42.19964,-2.476627,1.140727,3.259123,0.06168286,0.004377188,0.9955696,-0.07083257
42.24964,-2.49336,1.138853,3.25626,0.06221266,0.004414645,0.9955375,-0.07081728
42.29964,-2.510049,1.137007,3.253384,0.06272983,0.004451209,0.995506,-0.07080233
42.34964,-2.526692,1.13519,3.250494,0.063234,0.004486854,0.995475,-0.07078774
42.39964,-2.543288,1.133402,3.247591,0.06372479,0.004521553,0.9954445,-0.07077353
42.44964,-2.559835,1.131644,3.244674,0.06420182,0.00455528,0.9954147,-0.07075968
42.49964,-2.576331,1.129918,3.241745,0.06466474,0.004588007,0.9953855,-0.07074624
42.54964,-2.592774,1.128223,3.238802,0.06511315,0.00461971,0.9953571,-0.0707332
42.59964,-2.609163,1.126561,3.235847,0.06554668,0.00465036,0.9953294,-0.07072058
42.64964,-2.625495,1.124933,3.232878,0.06596497,0.004679933,0.9953025,-0.07070839
42.69963,-2.64177,1.123339,3.229898,0.06636764,0.004708402,0.9952764,-0.07069664
42.74963,-2.657985,1.121781,3.226904,0.06675432,0.00473574,0.9952512,-0.07068536
42.79963,-2.674138,1.120259,3.223898,0.06712461,0.00476192,0.995227,-0.07067453
42.84963,-2.690228,1.118773,3.22088,0.06747817,0.004786916,0.9952037,-0.07066418
42.89963,-2.706254,1.117326,3.217849,0.06781461,0.004810703,0.9951814,-0.07065433
42.94963,-2.722212,1.115917,3.214806,0.06813356,0.004833252,0.9951602,-0.07064499
42.99963,-2.738102,1.114548,3.211751,0.06843463,0.004854538,0.99514,-0.07063615
43.04963,-2.753922,1.113219,3.208683,0.06871748,0.004874535,0.995121,-0.07062785
43.09963,-2.76967,1.111932,3.205605,0.06898171,0.004893216,0.9951032,-0.0706201
43.14963,-2.785344,1.110686,3.202514,0.06922695,0.004910555,0.9950866,-0.07061289
43.19963,-2.800942,1.109483,3.199412,0.06945284,0.004926525,0.9950712,-0.07060625
43.24963,-2.816463,1.108324,3.196298,0.06965899,0.004941099,0.9950572,-0.07060018
43.29963,-2.831906,1.10721,3.193172,0.06984502,0.004954252,0.9950445,-0.0705947
43.34962,-2.847267,1.106141,3.190036,0.07001059,0.004965957,0.9950331,-0.07058983
43.39962,-2.862546,1.105118,3.186888,0.07015528,0.004976187,0.9950233,-0.07058557
43.44962,-2.877741,1.104142,3.183729,0.07027875,0.004984916,0.9950147,-0.07058193
43.49962,-2.89285,1.103215,3.180559,0.0703806,0.004992117,0.9950077,-0.07057893
43.54962,-2.90787,1.102336,3.177378,0.07046047,0.004997765,0.9950022,-0.07057656
43.59962,-2.922802,1.101506,3.174186,0.07051799,0.005001831,0.9949982,-0.07057487
43.64962,-2.937642,1.100728,3.170983,0.07055277,0.00500429,0.9949958,-0.07057384
43.69962,-2.952388,1.1,3.16777,0.07056446,0.005005116,0.994995,-0.07057351
43.74962,-2.952388,1.1,3.16777,0.07056446,0.005005116,0.994995,-0.07057351
43.79962,-2.952388,1.1,3.16777,0.07056446,0.005005116,0.994995,-0.07057351
43.84962,-2.952388,1.1,3.16777,0.07056446,0.005005116,0.994995,-0.07057351
43.89962,-2.952388,1.1,3.16777,0.07056446,0.005005116,0.994995,-0.07057351
43.94962,-2.952388,1.1,3.16777,0.07056446,0.005005116,0.994995,-0.07057351
43.99961,-2.952388,1.1,3.16777,0.07056446,0.005005116,0.994995,-0.07057351
44.04961,-2.952388,1.1,3.16777,0.07056446,0.005005116,0.994995,-0.07057351
44.09961,-2.952388,1.1,3.16777,0.07056446,0.005005116,0.994995,-0.07057351
44.14961,-2.952388,1.1,3.16777,0.07056446,0.005005116,0.994995,-0.07057351
44.19961,-2.952388,1.1,3.16777,0.07056446,0.005005116,0.994995,-0.07057351
44.24961,-2.952388,1.1,3.16777,0.07056446,0.005005116,0.994995,-0.07057351
44.29961,-2.952388,1.1,3.16777,0.07056446,0.005005116,0.994995,-0.07057351
44.34961,-2.952388,1.1,3.16777,0.07056446,0.005005116,0.994995,-0.07057351
44.39961,-2.952388,1.1,3.16777,0.07056446,0.005005116,0.994995,-0.07057351
44.44961,-2.952388,1.1,3.16777,0.07056446,0.005005116,0.994995,-0.07057351
44.49961,-2.952388,1.1,3.16777,0.07056446,0.005005116,0.994995,-0.07057351
44.54961,-2.952388,1.1,3.16777,0.07056446,0.005005116,0.994995,-0.07057351
44.59961,-2.952388,1.1,3.16777,0.07056446,0.005005116,0.994995,-0.07057351
44.6496,-2.952388,1.1,3.16777,0.07056446,0.005005116,0.994995,-0.07057351
44.6996,-2.952388,1.1,3.16777,0.07056446,0.005005116,0.994995,-0.07057351
44.7496,-2.952388,1.1,3.16777,0.07056446,0.005005116,0.994995,-0.07057351
44.7996,-2.952388,1.1,3.16777,0.07056446,0.005005116,0.994995,-0.07057351
44.8496,-2.952388,1.1,3.16777,0.07056446,0.005005116,0.994995,-0.07057351
44.8996,-2.952388,1.1,3.16777,0.07056446,0.005005116,0.994995,-0.07057351
44.9496,-2.952388,1.1,3.16777,0.07056446,0.005005116,0.994995,-0.07057351
44.9996,-2.952388,1.1,3.16777,0.07056446,0.005005116,0.994995,-0.07057351
45.0496,-2.952388,1.1,3.16777,0.07056446,0.005005116,0.994995,-0.07057351
45.0996,-2.952388,1.1,3.16777,0.07056446,0.005005116,0.994995,-0.07057351
45.1496,-2.952388,1.1,3.16777,0.07056446,0.005005116,0.994995,-0.07057351
45.1996,-2.952388,1.1,3.16777,0.07056446,0.005005116,0.994995,-0.07057351
45.2496,-2.952388,1.1,3.16777,0.07056446,0.005005116,0.994995,-0.07057351
45.29959,-2.952388,1.1,3.16777,0.07056446,0.005005116,0.994995,-0.07057351
45.34959,-2.952388,1.1,3.16777,0.07056446,0.005005116,0.994995,-0.07057351
45.39959,-2.952388,1.1,3.16777,0.07056446,0.005005116,0.994995,-0.07057351
45.44959,-2.952388,1.1,3.16777,0.07056446,0.005005116,0.994995,-0.07057351
45.49959,-2.952388,1.1,3.16777,0.07056446,0.005005116,0.994995,-0.07057351
45.54959,-2.952388,1.1,3.16777,0.07056446,0.005005116,0.994995,-0.07057351
45.59959,-2.952388,1.1,3.16777,0.07056446,0.005005116,0.994995,-0.07057351
45.64959,-2.952388,1.1,3.16777,0.07056446,0.005005116,0.994995,-0.07057351
45.69959,-2.952388,1.1,3.16777,0.07056446,0.005005116,0.994995,-0.07057351
45.74959,-2.952388,1.1,3.16777,0.07056446,0.005005116,0.994995,-0.07057351
45.79959,-2.952388,1.1,3.16777,0.07056446,0.005005116,0.994995,-0.07057351
45.84959,-2.952388,1.1,3.16777,0.07056446,0.005005116,0.994995,-0.07057351
45.89959,-2.952388,1.1,3.16777,0.07056446,0.005005116,0.994995,-0.07057351
45.94958,-2.952388,1.1,3.16777,0.07056446,0.005005116,0.994995,-0.07057351
45.99958,-2.952388,1.1,3.16777,0.07056446,0.005005116,0.994995,-0.07057351
46.04958,-2.952388,1.1,3.16777,0.07056446,0.005005116,0.994995,-0.07057351
46.09958,-2.952388,1.1,3.16777,0.07056446,0.005005116,0.994995,-0.07057351
46.14958,-2.952388,1.1,3.16777,0.07056446,0.005005116,0.994995,-0.07057351
46.19958,-2.952388,1.1,3.16777,0.07056446,0.005005116,0.994995,-0.07057351
46.24958,-2.952388,1.1,3.16777,0.07056446,0.005005116,0.994995,-0.07057351
46.29958,-2.952388,1.1,3.16777,0.07056446,0.005005116,0.994995,-0.07057351
46.34958,-2.952388,1.1,3.16777,0.07056446,0.005005116,0.994995,-0.07057351
46.39958,-2.952388,1.1,3.16777,0.07056446,0.005005116,0.994995,-0.07057351
46.44958,-2.952388,1.1,3.16777,0.07056446,0.005005116,0.994995,-0.07057351
46.49958,-2.952388,1.1,3.16777,0.07056446,0.005005116,0.994995,-0.07057351
46.54958,-2.952388,1.1,3.16777,0.07056446,0.005005116,0.994995,-0.07057351
46.59958,-2.952388,1.1,3.16777,0.07056446,0.005005116,0.994995,-0.07057351
46.64957,-2.952388,1.1,3.16777,0.07056446,0.005005116,0.994995,-0.07057351
46.69957,-2.952388,1.1,3.16777,0.07056446,0.005005116,0.994995,-0.07057351
46.74957,-2.952388,1.1,3.16777,0.07056446,0.005005116,0.994995,-0.07057351
46.79957,-2.952388,1.1,3.16777,0.07056446,0.005005116,0.994995,-0.07057351
46.84957,-2.952388,1.1,3.16777,0.07056446,0.005005116,0.994995,-0.07057351
46.89957,-2.952388,1.1,3.16777,0.07056446,0.005005116,0.994995,-0.07057351
46.94957,-2.952388,1.1,3.16777,0.07056446,0.005005116,0.994995,-0.07057351
46.99957,-2.952388,1.1,3.16777,0.07056446,0.005005116,0.994995,-0.07057351
47.04957,-2.952388,1.1,3.16777,0.07056446,0.005005116,0.994995,-0.07057351
47.09957,-2.952388,1.1,3.16777,0.07056446,0.005005116,0.994995,-0.07057351
47.14957,-2.952388,1.1,3.16777,0.07056446,0.005005116,0.994995,-0.07057351
47.19957,-2.952388,1.1,3.16777,0.07056446,0.005005116,0.994995,-0.07057351
47.24957,-2.952388,1.1,3.16777,0.07056446,0.005005116,0.994995,-0.07057351
47.29956,-2.952388,1.1,3.16777,0.07056446,0.005005116,0.994995,-0.07057351
47.34956,-2.952388,1.1,3.16777,0.07056446,0.005005116,0.994995,-0.07057351
47.39956,-2.952388,1.1,3.16777,0.07056446,0.005005116,0.994995,-0.07057351
47.44956,-2.952388,1.1,3.16777,0.07056446,0.005005116,0.994995,-0.07057351
47.49956,-2.952388,1.1,3.16777,0.07056446,0.005005116,0.994995,-0.07057351
47.54956,-2.952388,1.1,3.16777,0.07056446,0.005005116,0.994995,-0.07057351
47.59956,-2.952388,1.1,3.16777,0.07056446,0.005005116,0.994995,-0.07057351
47.64956,-2.952388,1.1,3.16777,0.07056446,0.005005116,0.994995,-0.07057351
47.69956,-2.952388,1.1,3.16777,0.07056446,0.005005116,0.994995,-0.07057351
47.74956,-2.952388,1.1,3.16777,0.07056446,0.005005116,0.994995,-0.07057351
47.79956,-2.952388,1.1,3.16777,0.07056446,0.005005116,0.994995,-0.07057351
47.84956,-2.952388,1.1,3.16777,0.07056446,0.005005116,0.994995,-0.07057351
47.89956,-2.952388,1.1,3.16777,0.07056446,0.005005116,0.994995,-0.07057351
47.94955,-2.952388,1.1,3.16777,0.07056446,0.005005116,0.994995,-0.07057351
47.99955,-2.952388,1.1,3.16777,0.07056446,0.005005116,0.994995,-0.07057351
48.04955,-2.952388,1.1,3.16777,0.07056446,0.005005116,0.994995,-0.07057351
48.09955,-2.952388,1.1,3.16777,0.07056446,0.005005116,0.994995,-0.07057351
48.14955,-2.952388,1.1,3.16777,0.07056446,0.005005116,0.994995,-0.07057351
48.19955,-2.952388,1.1,3.16777,0.07056446,0.005005116,0.994995,-0.07057351
48.24955,-2.952388,1.1,3.16777,0.07056446,0.005005116,0.994995,-0.07057351
48.29955,-2.952388,1.1,3.16777,0.07056446,0.005005116,0.994995,-0.07057351
48.34955,-2.952388,1.1,3.16777,0.07056446,0.005005116,0.994995,-0.07057351
48.39955,-2.952388,1.1,3.16777,0.07056446,0.005005116,0.994995,-0.07057351
48.44955,-2.952388,1.1,3.16777,0.07056446,0.005005116,0.994995,-0.07057351
48.49955,-2.952388,1.1,3.16777,0.07056446,0.005005116,0.994995,-0.07057351
48.54955,-2.952388,1.1,3.16777,0.07056446,0.005005116,0.994995,-0.07057351
48.59954,-2.952388,1.1,3.16777,0.07056446,0.005005116,0.994995,-0.07057351
48.64954,-2.952388,1.1,3.16777,0.07056446,0.005005116,0.994995,-0.07057351
48.69954,-2.952388,1.1,3.16777,0.07056446,0.005005116,0.994995,-0.07057351
48.74954,-2.952388,1.1,3.16777,0.07056446,0.005005116,0.994995,-0.07057351
48.79954,-2.952388,1.1,3.16777,0.07056446,0.005005116,0.994995,-0.07057351
48.84954,-2.952388,1.1,3.16777,0.07056446,0.005005116,0.994995,-0.07057351
48.89954,-2.952388,1.1,3.16777,0.07056446,0.005005116,0.994995,-0.07057351
48.94954,-2.952388,1.1,3.16777,0.07056446,0.005005116,0.994995,-0.07057351
48.99954,-2.952388,1.1,3.16777,0.07056446,0.005005116,0.994995,-0.07057351
49.04954,-2.952388,1.1,3.16777,0.07056446,0.005005116,0.994995,-0.07057351
49.09954,-2.952388,1.1,3.16777,0.07056446,0.005005116,0.994995,-0.07057351
49.14954,-2.952388,1.1,3.16777,0.07056446,0.005005116,0.994995,-0.07057351
49.19954,-2.952388,1.1,3.16777,0.07056446,0.005005116,0.994995,-0.07057351
49.24953,-2.952388,1.1,3.16777,0.07056446,0.005005116,0.994995,-0.07057351
49.29953,-2.952388,1.1,3.16777,0.07056446,0.005005116,0.994995,-0.07057351
49.34953,-2.952388,1.1,3.16777,0.07056446,0.005005116,0.994995,-0.07057351
49.39953,-2.952388,1.1,3.16777,0.07056446,0.005005116,0.994995,-0.07057351
49.44953,-2.952388,1.1,3.16777,0.07056446,0.005005116,0.994995,-0.07057351
49.49953,-2.952388,1.1,3.16777,0.07056446,0.005005116,0.994995,-0.07057351
49.54953,-2.952388,1.1,3.16777,0.07056446,0.005005116,0.994995,-0.07057351
49.59953,-2.952388,1.1,3.16777,0.07056446,0.005005116,0.994995,-0.07057351
49.64953,-2.952388,1.1,3.16777,0.07056446,0.005005116,0.994995,-0.07057351
49.69953,-2.952388,1.1,3.16777,0.07056446,0.005005116,0.994995,-0.07057351
49.74953,-2.952388,1.1,3.16777,0.07056446,0.005005116,0.994995,-0.07057351
49.79953,-2.952388,1.1,3.16777,0.07056446,0.005005116,0.994995,-0.07057351
49.84953,-2.952388,1.1,3.16777,0.07056446,0.005005116,0.994995,-0.07057351
49.89952,-2.952388,1.1,3.16777,0.07056446,0.005005116,0.994995,-0.07057351
49.94952,-2.952388,1.1,3.16777,0.07056446,0.005005116,0.994995,-0.07057351
49.99952,-2.967218,1.099298,3.164623,0.07057753,0.005006324,0.9949939,-0.07057542
50.04952,-2.982308,1.098595,3.161616,0.07061649,0.005009922,0.9949908,-0.07058112
50.09952,-2.997653,1.09789,3.158746,0.07068092,0.005015871,0.9949855,-0.07059056
50.14952,-3.013252,1.097185,3.156013,0.07077038,0.005024132,0.9949781,-0.07060365
50.19952,-3.029101,1.096479,3.153415,0.07088445,0.005034666,0.9949688,-0.07062034
50.24952,-3.045198,1.095771,3.150949,0.07102273,0.005047434,0.9949574,-0.07064059
50.29952,-3.061539,1.095063,3.148612,0.07118478,0.005062399,0.994944,-0.07066429
50.34952,-3.078121,1.094353,3.146404,0.07137018,0.00507952,0.9949288,-0.07069143
50.39952,-3.094942,1.093642,3.144321,0.07157853,0.00509876,0.9949116,-0.07072192
50.44952,-3.111998,1.09293,3.142363,0.07180937,0.005120078,0.9948924,-0.07075569
50.49952,-3.129287,1.092217,3.140526,0.07206232,0.005143437,0.9948714,-0.0707927
50.54951,-3.146805,1.091503,3.13881,0.07233694,0.005168796,0.9948484,-0.07083287
50.59951,-3.16455,1.090788,3.137211,0.07263281,0.005196119,0.9948236,-0.07087614
50.64951,-3.182518,1.090071,3.135728,0.07294951,0.005225365,0.994797,-0.07092246
50.69951,-3.200707,1.089353,3.134358,0.07328662,0.005256496,0.9947686,-0.07097176
50.74951,-3.219114,1.088634,3.133101,0.07364371,0.005289473,0.9947383,-0.07102396
50.79951,-3.237736,1.087914,3.131953,0.07402037,0.005324257,0.9947062,-0.07107902
50.84951,-3.256569,1.087193,3.130912,0.07441618,0.00536081,0.9946724,-0.07113687
50.89951,-3.275611,1.08647,3.129978,0.0748307,0.005399091,0.9946367,-0.07119744
50.94951,-3.294859,1.085746,3.129146,0.07526354,0.005439064,0.9945993,-0.07126068
50.99951,-3.314309,1.085021,3.128416,0.07571425,0.005480687,0.9945601,-0.07132652
51.04951,-3.33396,1.084294,3.127786,0.07618242,0.005523924,0.9945192,-0.0713949
51.09951,-3.353808,1.083566,3.127253,0.07666763,0.005568734,0.9944766,-0.07146575
51.14951,-3.37385,1.082837,3.126815,0.07716946,0.00561508,0.9944323,-0.071539
51.1995,-3.394082,1.082107,3.126471,0.07768747,0.005662921,0.9943863,-0.07161461
51.2495,-3.414503,1.081375,3.126218,0.07822126,0.00571222,0.9943385,-0.0716925
51.2995,-3.435109,1.080642,3.126054,0.07877041,0.005762937,0.994289,-0.07177262
51.3495,-3.455897,1.079907,3.125977,0.07933448,0.005815032,0.994238,-0.07185489
51.3995,-3.476864,1.079171,3.125986,0.07991306,0.005868468,0.9941852,-0.07193925
51.4495,-3.498008,1.078433,3.126077,0.08050572,0.005923206,0.9941308,-0.07202566
51.4995,-3.519325,1.077695,3.12625,0.08111205,0.005979206,0.9940748,-0.07211402
51.5495,-3.540812,1.076954,3.126502,0.08173161,0.00603643,0.9940171,-0.07220429
51.5995,-3.562466,1.076213,3.12683,0.08236399,0.006094837,0.9939579,-0.07229641
51.6495,-3.584285,1.075469,3.127233,0.08300877,0.006154391,0.993897,-0.07239031
51.6995,-3.606265,1.074725,3.12771,0.08366551,0.00621505,0.9938346,-0.07248591
51.7495,-3.628403,1.073979,3.128257,0.08433382,0.006276778,0.9937707,-0.07258319
51.7995,-3.650698,1.073231,3.128873,0.08501324,0.006339534,0.9937051,-0.07268204
51.84949,-3.673144,1.072482,3.129555,0.08570338,0.006403279,0.993638,-0.07278243
51.89949,-3.69574,1.071731,3.130303,0.08640379,0.006467975,0.9935696,-0.07288428
51.94949,-3.718483,1.070979,3.131113,0.08711407,0.006533582,0.9934995,-0.07298753
51.99949,-3.74137,1.070225,3.131983,0.08783378,0.006600062,0.993428,-0.07309213
52.04949,-3.764397,1.06947,3.132912,0.0885625,0.006667376,0.993355,-0.07319799
52.09949,-3.787562,1.068713,3.133898,0.08929981,0.006735483,0.9932806,-0.07330507
52.14949,-3.810862,1.067955,3.134938,0.0900453,0.006804346,0.993205,-0.07341332
52.19949,-3.834293,1.067195,3.136031,0.09079853,0.006873925,0.9931278,-0.07352263
52.24949,-3.857854,1.066433,3.137173,0.09155908,0.006944182,0.9930493,-0.07363299
52.29949,-3.88154,1.06567,3.138365,0.09232652,0.007015076,0.9929695,-0.0737443
52.34949,-3.905349,1.064905,3.139602,0.09310044,0.007086569,0.9928883,-0.07385651
52.39949,-3.929278,1.064138,3.140884,0.09388044,0.007158625,0.992806,-0.07396958
52.44949,-3.953324,1.06337,3.142208,0.09466604,0.0072312,0.9927224,-0.07408341
52.49949,-3.977484,1.0626,3.143573,0.09545685,0.007304256,0.9926375,-0.07419795
52.54948,-4.001756,1.061828,3.144975,0.09625246,0.007377757,0.9925516,-0.07431316
52.59948,-4.026135,1.061054,3.146413,0.09705241,0.00745166,0.9924644,-0.07442895
52.64948,-4.05062,1.060279,3.147886,0.09785631,0.00752593,0.9923761,-0.07454527
52.69948,-4.075206,1.059503,3.14939,0.09866373,0.007600525,0.9922869,-0.07466206
52.74948,-4.099892,1.058724,3.150925,0.09947424,0.007675406,0.9921966,-0.07477926
52.79948,-4.124674,1.057943,3.152487,0.1002874,0.007750535,0.9921052,-0.0748968
52.84948,-4.149549,1.057161,3.154075,0.1011028,0.007825874,0.992013,-0.07501463
52.89948,-4.174515,1.056377,3.155688,0.1019201,0.007901381,0.9919198,-0.07513268
52.94948,-4.199569,1.055592,3.157321,0.1027387,0.00797702,0.9918258,-0.07525088
52.99948,-4.224706,1.054804,3.158975,0.1035584,0.00805275,0.991731,-0.07536919
53.04948,-4.249925,1.054015,3.160646,0.1043786,0.008128534,0.9916354,-0.07548754
53.09948,-4.275223,1.053223,3.162333,0.1051989,0.00820433,0.9915391,-0.07560585
53.14948,-4.300596,1.05243,3.164034,0.106019,0.008280101,0.991442,-0.0757241
53.19947,-4.326042,1.051635,3.165746,0.1068383,0.008355808,0.9913444,-0.07584219
53.24947,-4.351557,1.050838,3.167467,0.1076565,0.008431413,0.9912462,-0.07596008
53.29947,-4.37714,1.05004,3.169197,0.1084732,0.008506875,0.9911475,-0.0760777
53.34947,-4.402785,1.049239,3.170931,0.1092879,0.008582157,0.9910483,-0.076195
53.39947,-4.428492,1.048436,3.172669,0.1101002,0.008657219,0.9909488,-0.07631192
53.44947,-4.454256,1.047632,3.174408,0.1109097,0.008732023,0.9908489,-0.07642839
53.49947,-4.480075,1.046825,3.176147,0.111716,0.008806528,0.9907486,-0.07654434
53.54947,-4.505946,1.046017,3.177882,0.1125186,0.008880697,0.9906483,-0.07665975
53.59947,-4.531866,1.045206,3.179614,0.1133171,0.00895449,0.9905476,-0.07677451
53.64947,-4.557831,1.044394,3.181338,0.1141112,0.009027869,0.990447,-0.0768886
53.69947,-4.583839,1.043579,3.183053,0.1149003,0.009100797,0.9903463,-0.07700194
53.74947,-4.609889,1.042763,3.184758,0.1156841,0.009173231,0.9902457,-0.07711447
53.79947,-4.635974,1.041944,3.186449,0.1164622,0.009245135,0.990145,-0.07722614
53.84946,-4.662094,1.041124,3.188126,0.1172341,0.00931647,0.9900446,-0.07733689
53.89946,-4.688244,1.040301,3.189785,0.1179994,0.009387198,0.9899445,-0.07744665
53.94946,-4.714424,1.039476,3.191425,0.1187577,0.009457279,0.9898446,-0.07755537
53.99946,-4.740628,1.038649,3.193044,0.1195085,0.009526674,0.9897451,-0.077663
54.04946,-4.766854,1.037821,3.194641,0.1202516,0.009595346,0.9896461,-0.07776945
54.09946,-4.7931,1.03699,3.196211,0.1209863,0.009663255,0.9895476,-0.07787471
54.14946,-4.819362,1.036156,3.197755,0.1217124,0.009730363,0.9894497,-0.07797867
54.19946,-4.845637,1.035321,3.199269,0.1224294,0.009796632,0.9893525,-0.0780813
54.24946,-4.871923,1.034484,3.200752,0.1231369,0.009862022,0.9892561,-0.07818255
54.29946,-4.898216,1.033644,3.202202,0.1238345,0.009926495,0.9891604,-0.07828233
54.34946,-4.924513,1.032802,3.203616,0.1245217,0.009990011,0.9890657,-0.07838061
54.39946,-4.950812,1.031958,3.204992,0.1251981,0.01005254,0.9889721,-0.07847732
54.44946,-4.97711,1.031112,3.206329,0.1258634,0.01011403,0.9888794,-0.07857241
54.49945,-5.003403,1.030264,3.207625,0.1265171,0.01017445,0.9887879,-0.07866582
54.54945,-5.029689,1.029413,3.208877,0.1271588,0.01023376,0.9886978,-0.07875747
54.59945,-5.055964,1.02856,3.210083,0.127788,0.01029192,0.9886088,-0.07884732
54.64945,-5.082227,1.027705,3.211241,0.1284044,0.0103489,0.9885213,-0.07893533
54.69945,-5.108472,1.026848,3.21235,0.1290076,0.01040465,0.9884353,-0.07902141
54.74945,-5.134699,1.025988,3.213407,0.1295971,0.01045915,0.9883509,-0.07910552
54.79945,-5.160903,1.025126,3.21441,0.1301725,0.01051234,0.9882681,-0.07918759
54.84945,-5.187082,1.024261,3.215358,0.1307334,0.01056418,0.9881871,-0.07926758
54.89945,-5.213233,1.023395,3.216247,0.1312794,0.01061466,0.988108,-0.07934544
54.94945,-5.239353,1.022526,3.217077,0.1318101,0.01066371,0.9880307,-0.07942108
54.99945,-5.26544,1.021654,3.217844,0.132325,0.01071131,0.9879555,-0.07949446
55.04945,-5.291488,1.020781,3.218547,0.1328238,0.01075742,0.9878823,-0.07956553
55.09945,-5.317497,1.019905,3.219185,0.133306,0.010802,0.9878113,-0.07963422
55.14944,-5.343463,1.019026,3.219754,0.1337712,0.010845,0.9877426,-0.07970048
55.19944,-5.369384,1.018145,3.220253,0.1342191,0.0108864,0.9876763,-0.07976424
55.24944,-5.395255,1.017262,3.22068,0.1346491,0.01092616,0.9876123,-0.07982545
55.29944,-5.421074,1.016376,3.221032,0.1350609,0.01096423,0.9875509,-0.07988407
55.34944,-5.446839,1.015488,3.221308,0.1354541,0.01100058,0.9874922,-0.07994003
55.39944,-5.472546,1.014597,3.221506,0.1358282,0.01103516,0.9874361,-0.07999326
55.44944,-5.498192,1.013704,3.221624,0.1361829,0.01106795,0.9873827,-0.0800437
55.49944,-5.523775,1.012808,3.221659,0.1365176,0.0110989,0.9873323,-0.08009132
55.54944,-5.549291,1.01191,3.221609,0.1368321,0.01112797,0.9872848,-0.08013605
55.59944,-5.574738,1.011009,3.221473,0.1371259,0.01115513,0.9872404,-0.08017783
55.64944,-5.600111,1.010106,3.221249,0.1373986,0.01118034,0.9871991,-0.08021659
55.69944,-5.62541,1.0092,3.220933,0.1376497,0.01120356,0.9871609,-0.0802523
55.74944,-5.65063,1.008292,3.220526,0.1378789,0.01122475,0.987126,-0.08028487
55.79943,-5.675768,1.007381,3.220023,0.1380858,0.01124387,0.9870945,-0.08031427
55.84943,-5.700821,1.006468,3.219424,0.1382698,0.01126089,0.9870664,-0.08034042
55.89943,-5.725789,1.005552,3.218726,0.1384307,0.01127576,0.9870418,-0.08036329
55.94943,-5.750665,1.004633,3.217927,0.1385679,0.01128845,0.9870209,-0.08038279
55.99943,-5.775448,1.003712,3.217025,0.1386812,0.01129891,0.9870034,-0.08039888
56.04943,-5.800135,1.002788,3.216019,0.13877,0.01130712,0.9869899,-0.08041149
56.09943,-5.824723,1.001861,3.214905,0.1388339,0.01131304,0.9869801,-0.08042058
56.14943,-5.849208,1.000932,3.213682,0.1388726,0.01131661,0.9869742,-0.08042607
56.19943,-5.873587,1,3.212349,0.1388856,0.01131781,0.9869722,-0.08042792
56.24943,-5.897766,0.999155,3.210857,0.1389448,0.01132481,0.9869635,-0.08043159
56.29943,-5.921654,0.9984847,3.209163,0.1391214,0.01134567,0.9869374,-0.0804425
56.34943,-5.945252,0.9979861,3.207268,0.1394133,0.01138016,0.9868944,-0.08046055
56.39943,-5.968565,0.9976563,3.205174,0.1398188,0.01142806,0.9868344,-0.08048559
56.44942,-5.991593,0.9974925,3.202884,0.1403359,0.01148915,0.9867577,-0.08051752
56.49942,-6.014342,0.9974916,3.200399,0.1409627,0.01156321,0.9866644,-0.0805562
56.54942,-6.036814,0.9976508,3.197722,0.1416973,0.01165001,0.9865544,-0.08060149
56.59942,-6.059011,0.9979671,3.194854,0.142538,0.01174935,0.9864278,-0.08065327
56.64942,-6.080937,0.9984377,3.191797,0.1434828,0.01186099,0.9862847,-0.0807114
56.69942,-6.102594,0.9990597,3.188554,0.14453,0.01198472,0.9861251,-0.08077575
56.74942,-6.123986,0.9998299,3.185126,0.1456775,0.01212032,0.9859489,-0.08084618
56.79942,-6.145116,1.000746,3.181515,0.1469236,0.01226758,0.9857558,-0.08092254
56.84942,-6.165987,1.001804,3.177724,0.1482664,0.01242628,0.985546,-0.08100469
56.89942,-6.186602,1.003002,3.173754,0.149704,0.0125962,0.9853193,-0.0810925
56.94942,-6.206963,1.004337,3.169607,0.1512347,0.01277712,0.9850755,-0.08118583
56.99942,-6.227073,1.005806,3.165286,0.1528564,0.01296883,0.9848145,-0.08128451
57.04942,-6.246936,1.007405,3.160791,0.1545675,0.01317111,0.9845361,-0.0813884
57.09941,-6.266555,1.009133,3.156126,0.156366,0.01338374,0.9842402,-0.08149738
57.14941,-6.285933,1.010985,3.151293,0.15825,0.0136065,0.9839265,-0.08161128
57.19941,-6.305071,1.01296,3.146292,0.1602177,0.01383917,0.983595,-0.08172994
57.24941,-6.323975,1.015054,3.141127,0.1622671,0.01408153,0.9832453,-0.08185323
57.29941,-6.342645,1.017264,3.135799,0.1643965,0.01433337,0.9828771,-0.081981
57.34941,-6.361087,1.019588,3.13031,0.1666039,0.01459446,0.9824905,-0.08211306
57.39941,-6.379303,1.022022,3.124662,0.1688874,0.01486458,0.982085,-0.08224932
57.44941,-6.397293,1.024564,3.118858,0.1712451,0.01514352,0.9816607,-0.08238958
57.49941,-6.415064,1.02721,3.112898,0.1736752,0.01543104,0.9812171,-0.08253371
57.54941,-6.432618,1.029958,3.106786,0.1761756,0.01572691,0.980754,-0.08268152
57.59941,-6.449956,1.032805,3.100523,0.1787445,0.01603093,0.9802715,-0.08283291
57.64941,-6.467084,1.035748,3.094111,0.1813799,0.01634285,0.979769,-0.08298768
57.69941,-6.484002,1.038784,3.087552,0.1840799,0.01666245,0.9792466,-0.0831457
57.7494,-6.500715,1.04191,3.080848,0.1868425,0.01698951,0.9787039,-0.0833068
57.7994,-6.517226,1.045123,3.074002,0.1896657,0.01732379,0.9781408,-0.08347085
57.8494,-6.533536,1.04842,3.067014,0.1925476,0.01766506,0.9775572,-0.08363767
57.8994,-6.54965,1.051799,3.059888,0.1954862,0.0180131,0.976953,-0.08380712
57.9494,-6.56557,1.055256,3.052624,0.1984795,0.01836766,0.9763278,-0.08397903
57.9994,-6.5813,1.058788,3.045226,0.2015255,0.0187285,0.9756818,-0.08415326
58.0494,-6.596842,1.062394,3.037695,0.2046222,0.01909541,0.9750147,-0.08432966
58.0994,-6.612199,1.066068,3.030032,0.2077675,0.01946813,0.9743265,-0.08450807
58.1494,-6.627375,1.06981,3.022241,0.2109594,0.01984644,0.973617,-0.08468834
58.1994,-6.642371,1.073615,3.014323,0.214196,0.02023008,0.9728864,-0.08487032
58.2494,-6.657192,1.077481,3.00628,0.217475,0.02061883,0.9721344,-0.08505386
58.2994,-6.671841,1.081406,2.998113,0.2207945,0.02101243,0.9713612,-0.0852388
58.3494,-6.686319,1.085385,2.989826,0.2241525,0.02141066,0.9705667,-0.08542502
58.39939,-6.700631,1.089416,2.98142,0.2275468,0.02181325,0.9697511,-0.08561234
58.44939,-6.714778,1.093497,2.972896,0.2309753,0.02221997,0.9689143,-0.08580064
58.49939,-6.728765,1.097624,2.964258,0.2344361,0.02263058,0.9680565,-0.08598977
58.54939,-6.742594,1.101795,2.955506,0.2379269,0.02304482,0.9671777,-0.08617958
58.59939,-6.756269,1.106005,2.946644,0.2414457,0.02346246,0.9662783,-0.08636994
58.64939,-6.769791,1.110254,2.937672,0.2449903,0.02388324,0.9653583,-0.0865607
58.69939,-6.783164,1.114537,2.928593,0.2485588,0.02430692,0.9644179,-0.08675174
58.74939,-6.796391,1.118852,2.91941,0.252149,0.02473323,0.9634573,-0.0869429
58.79939,-6.809475,1.123196,2.910122,0.2557587,0.02516195,0.962477,-0.08713406
58.84939,-6.82242,1.127565,2.900734,0.2593859,0.02559282,0.9614771,-0.0873251
58.89939,-6.835227,1.131958,2.891247,0.2630285,0.0260256,0.960458,-0.08751588
58.94939,-6.847901,1.136371,2.881662,0.2666844,0.02646002,0.9594201,-0.08770628
58.99939,-6.860444,1.140801,2.871983,0.2703514,0.02689585,0.9583638,-0.08789616
59.04939,-6.872858,1.145245,2.86221,0.2740274,0.02733283,0.9572893,-0.08808542
59.09938,-6.885148,1.1497,2.852346,0.2777104,0.02777071,0.9561974,-0.08827392
59.14938,-6.897315,1.154164,2.842392,0.2813983,0.02820926,0.9550884,-0.08846156
59.19938,-6.909363,1.158633,2.832352,0.285089,0.02864821,0.9539629,-0.08864824
59.24938,-6.921296,1.163105,2.822226,0.2887803,0.02908732,0.9528213,-0.0888338
59.29938,-6.933115,1.167577,2.812017,0.2924703,0.02952636,0.9516644,-0.08901819
59.34938,-6.944824,1.172045,2.801727,0.2961568,0.02996506,0.9504927,-0.08920126
59.39938,-6.956426,1.176507,2.791358,0.2998379,0.03040319,0.9493069,-0.08938294
59.44938,-6.967924,1.18096,2.780911,0.3035113,0.0308405,0.9481077,-0.0895631
59.49938,-6.979321,1.185401,2.770389,0.3071753,0.03127675,0.9468957,-0.08974168
59.54938,-6.990619,1.189827,2.759794,0.3108276,0.0317117,0.9456718,-0.08991855
59.59938,-7.001822,1.194236,2.749127,0.3144664,0.03214511,0.9444367,-0.09009365
59.64938,-7.012934,1.198623,2.738391,0.3180895,0.03257675,0.9431913,-0.09026688
59.69938,-7.023956,1.202987,2.727588,0.321695,0.03300637,0.9419362,-0.09043815
59.74937,-7.034892,1.207324,2.716719,0.325281,0.03343373,0.9406725,-0.0906074
59.79937,-7.045744,1.211632,2.705787,0.3288455,0.0338586,0.939401,-0.09077453
59.84937,-7.056516,1.215907,2.694794,0.3323866,0.03428077,0.9381226,-0.09093948
59.89937,-7.067211,1.220147,2.683741,0.3359022,0.03469998,0.9368383,-0.09110216
59.94937,-7.077831,1.224349,2.672631,0.3393907,0.03511602,0.935549,-0.09126252
59.99937,-7.088381,1.22851,2.661466,0.34285,0.03552866,0.9342558,-0.09142049
60.04937,-7.098862,1.232626,2.650247,0.3462783,0.03593768,0.9329596,-0.09157602
60.09937,-7.109277,1.236695,2.638977,0.3496737,0.03634285,0.9316615,-0.09172903
60.14937,-7.119631,1.240715,2.627657,0.3530346,0.03674396,0.9303627,-0.09187948
60.19937,-7.129924,1.244682,2.61629,0.3563588,0.03714078,0.929064,-0.09202729
60.24937,-7.140162,1.248593,2.604877,0.3596449,0.0375331,0.9277667,-0.09217246
60.29937,-7.150346,1.252445,2.593421,0.3628909,0.03792071,0.9264718,-0.09231489
60.34937,-7.16048,1.256235,2.581923,0.3660952,0.0383034,0.9251807,-0.09245456
60.39936,-7.170566,1.259962,2.570386,0.3692559,0.03868096,0.9238943,-0.09259143
60.44936,-7.180608,1.26362,2.558812,0.3723714,0.03905318,0.9226139,-0.09272545
60.49936,-7.190609,1.267209,2.547202,0.3754401,0.03941985,0.9213406,-0.09285659
60.54936,-7.20057,1.270724,2.535558,0.3784602,0.03978078,0.9200757,-0.09298482
60.59936,-7.210496,1.274163,2.523883,0.38143,0.04013577,0.9188203,-0.09311009
60.64936,-7.22039,1.277523,2.512178,0.384348,0.04048462,0.9175758,-0.09323239
60.69936,-7.230254,1.280801,2.500446,0.3872125,0.04082713,0.9163433,-0.09335168
60.74936,-7.240093,1.283994,2.488689,0.390022,0.04116311,0.9151242,-0.09346794
60.79936,-7.249907,1.287099,2.476907,0.3927748,0.04149237,0.9139195,-0.09358113
60.84936,-7.2597,1.290113,2.465104,0.3954695,0.04181471,0.9127307,-0.09369124
60.89936,-7.269476,1.293034,2.453282,0.3981044,0.04212996,0.911559,-0.09379827
60.94936,-7.279238,1.295858,2.441442,0.400678,0.04243792,0.9104058,-0.09390216
60.99936,-7.288988,1.298582,2.429586,0.4031888,0.0427384,0.909272,-0.09400291
61.04935,-7.298729,1.301205,2.417717,0.4056354,0.04303124,0.9081593,-0.09410051
61.09935,-7.308464,1.303721,2.405836,0.4080161,0.04331624,0.9070688,-0.09419493
61.14935,-7.318198,1.30613,2.393945,0.4103297,0.04359324,0.9060018,-0.09428618
61.19935,-7.32793,1.308427,2.382047,0.4125745,0.04386203,0.9049596,-0.09437422
61.24935,-7.337667,1.310611,2.370143,0.4147491,0.04412245,0.9039435,-0.09445903
61.29935,-7.34741,1.312677,2.358235,0.4168521,0.04437433,0.9029548,-0.09454062
61.34935,-7.357162,1.314623,2.346326,0.4188821,0.04461749,0.9019946,-0.09461898
61.39935,-7.366926,1.316447,2.334417,0.4208375,0.04485174,0.9010644,-0.09469406
61.44935,-7.376706,1.318145,2.32251,0.422717,0.04507693,0.9001654,-0.09476589
61.49935,-7.386503,1.319714,2.310607,0.4245192,0.04529287,0.8992988,-0.09483444
61.54935,-7.396322,1.321151,2.298711,0.4262425,0.0454994,0.8984661,-0.09489968
61.59935,-7.406166,1.322454,2.286823,0.4278856,0.04569632,0.8976681,-0.09496163
61.64935,-7.416036,1.32362,2.274945,0.4294471,0.04588348,0.8969064,-0.09502025
61.69934,-7.425936,1.324645,2.26308,0.4309255,0.0460607,0.8961821,-0.09507551
61.74934,-7.43587,1.325527,2.251229,0.4323193,0.0462278,0.8954964,-0.09512743
61.79934,-7.44584,1.326263,2.239393,0.4336273,0.04638461,0.8948505,-0.09517597
61.84934,-7.455849,1.32685,2.227577,0.4348478,0.04653095,0.8942456,-0.0952211
61.89934,-7.465899,1.327284,2.21578,0.4359795,0.04666664,0.8936828,-0.09526283
61.94934,-7.475996,1.327564,2.204005,0.4370209,0.04679152,0.8931635,-0.09530111
61.99934,-7.48614,1.327686,2.192255,0.4379704,0.04690539,0.8926886,-0.09533592
62.04934,-7.496335,1.327647,2.180531,0.4388266,0.04700808,0.8922592,-0.09536722
62.09934,-7.506585,1.327445,2.168834,0.4395881,0.0470994,0.8918765,-0.09539501
62.14934,-7.516891,1.327076,2.157168,0.4402531,0.04717917,0.8915417,-0.09541923
62.19934,-7.527257,1.326537,2.145535,0.4408203,0.0472472,0.8912555,-0.09543984
62.24934,-7.537686,1.325826,2.133935,0.441288,0.0473033,0.8910192,-0.09545682
62.29934,-7.548182,1.32494,2.122371,0.4416546,0.04734727,0.8908338,-0.09547011
62.34933,-7.558746,1.323875,2.110846,0.4419185,0.04737893,0.8907003,-0.09547967
62.39933,-7.569382,1.32263,2.09936,0.4420781,0.04739807,0.8906194,-0.09548545
62.44933,-7.580092,1.3212,2.087917,0.4421317,0.0474045,0.8905923,-0.09548739